tree
version=v4
num_class=1
num_tree_per_iteration=1
label_index=0
max_feature_idx=40
objective=binary sigmoid:1
feature_names=log_return_1 log_return_3 log_return_6 range_1 atr_proxy volatility_lookback hour_of_day day_of_week session_asia session_london session_newyork volume_zscore relative_volume volume_percentile body_ratio upper_wick_ratio lower_wick_ratio atr_normalized_range stop_distance dist_ema_fast dist_ema_slow trend_strength trend_direction ema_slow_slope sweep_high_detected sweep_low_detected sweep_depth_atr sweep_rejection_ratio sweep_volume_zscore bullish_fvg_present bearish_fvg_present fvg_size_atr fvg_age_candles price_inside_fvg breakout_volume_confirmation rejection_volume_confirmation volume_block_strength atr_percentile range_compression high_volatility_flag market_regime
feature_infos=[-0.033159034716756866:0.056874486908954934] [-0.075866222961239196:0.058901978424821803] [-0.066284904616211587:0.083560183621596548] [0.00026759317205804652:0.070302839733320993] [0:54.415714285714266] [0:0.016102016398767564] [0:23] [0:6] [0:1] [0:1] [0:1] [-2.4726125759682409:4.2442528029030218] [0.046316104648940773:750.58884999999998] [0:1] [0:1] [0:0.97382198952893662] [0:0.96788990825701182] [0:9.0557051497812981] [0:0.025180382925538848] [-0.04910252182951564:0.045240554357550998] [-0.064090814492483286:0.051013847001184907] [-0.026590642625185058:0.018718851314940645] [-1:1] [-0.0060230587107409977:0.0053756155282118859] [0:1] [0:1] [0:2.9495996231747452] [0:0.97382198952893662] [-1.3400329414026244:8.4885056058060435] [0:1] [0:1] [0:5.4713603818616452] [0:999] [-1:1] [0:4.2442528029030218] [0:4.1052670073045361] [0:4.4553227398709785] [0:1] [0:0.4860627177700837] [0:1] [-1:1]
tree_sizes=3369 3468 3446 3423 3463 3447 3454 3475 3464 3470 3464 3474 3464 3466 3454 3479 3470

Tree=0
num_leaves=31
num_cat=0
split_feature=3 1 18 40 38 9 17 3 23 37 37 18 4 38 17 23 39 35 23 1 38 2 23 18 7 15 14 18 11 17
split_gain=120.016 64.3751 42.0869 35.2144 19.6968 21.1418 19.2207 18.8191 17.9194 43.8601 21.8264 18.9166 21.6365 17.0993 16.8036 15.8373 15.2843 13.73 41.861 13.9394 12.3546 14.5613 14.9357 12.9077 12.1985 12.1502 15.0741 11.9784 17.7342 13.6696
threshold=0.0026945760321041719 0.0057294989413163855 0.0019352666125912405 1.0000000180025095e-35 0.19061596533419597 1.0000000180025095e-35 1.9303014031684813 0.0056939305231198979 0.00020401414911651504 0.36672766418898195 0.074982560136726648 0.0037868104214404202 9.1189285714285138 0.24210670319562197 1.1557782505290766 0.00018748673091017299 1.0000000180025095e-35 0.27405883930448355 0.00046824053727666676 0.01106686446226954 0.21362330878797284 0.0029728145831466293 0.00028758343229511887 0.0026140344725681277 2.5000000000000004 0.28200768301933193 0.47256280292070901 0.0027838667343636028 0.13984618228752674 1.1912258226684957
decision_type=2 2 2 2 2 2 2 2 2 2 2 2 2 2 2 2 2 2 2 2 2 2 2 2 2 2 2 2 2 2
left_child=2 4 -1 17 16 7 -5 24 11 10 -10 -7 13 -13 -9 -4 27 -3 -19 -20 -17 22 23 -22 -6 -16 -27 -2 -29 -30
right_child=1 3 15 6 5 8 -8 14 9 -11 -12 12 -14 -15 25 20 -18 18 19 -21 21 -23 -24 -25 -26 26 -28 28 29 -31
leaf_value=-2.2413047141727711 -2.2354816069544206 -2.189539659168025 -2.2129298603297323 -2.1295470731772506 -2.1861064135071189 -2.2014255252213086 -2.0465227830686361 -2.1961849665602644 -2.0873214198534837 -2.016505023945633 -2.1904240577321792 -2.1521059838570715 -2.1749968690800201 -2.0326430242466591 -2.1698413024300813 -2.2043874857717043 -2.2126750399718151 -2.0255386218323932 -2.2310791328234214 -2.1243770624378864 -2.1122123312864414 -2.1954190923623274 -2.0733825094510276 -2.2295551994703833 -2.2091604318307869 -2.1511219677607762 -2.0500463603676757 -2.1898210839719008 -2.0551096521167151 -2.1612398841089329
leaf_weight=119.97222454100847 9.7347860634326917 39.119418069720268 244.99211592972279 37.496953725814819 111.13880755752325 42.454483665525913 8.5630062595009786 45.699412353336811 7.0306788235902813 6.3997204676270476 19.018887586891651 6.579994283616541 36.235037013888359 5.4983513876795769 47.502150513231754 45.158590905368328 126.912766456604 5.768762111663821 7.5715002715587598 5.1378037557005882 4.6871192157268542 18.027381598949432 6.7602680996060363 4.6871192157268524 118.62017092108727 12.529030211269857 5.2279406636953345 49.124614857137203 4.5969823077321044 8.9235538914799672
leaf_count=1331 108 434 2718 416 1233 471 95 507 78 71 211 73 402 61 527 501 1408 64 84 57 52 200 75 52 1316 139 58 545 51 99
internal_value=-2.19532 -2.18334 -2.216 -2.1467 -2.18907 -2.18342 -2.11411 -2.18984 -2.16567 -2.13378 -2.1626 -2.17708 -2.15568 -2.09772 -2.17293 -2.20664 -2.20222 -2.17276 -2.13724 -2.18794 -2.18722 -2.16454 -2.13003 -2.17088 -2.19801 -2.15665 -2.12136 -2.18388 -2.17586 -2.12516
internal_weight=1211.17 766.885 444.285 103.657 663.227 463.935 46.06 340.718 123.217 32.4493 26.0496 90.7679 48.3134 12.0783 110.959 324.313 199.293 57.5975 18.4781 12.7093 79.3205 34.1619 16.1345 9.37424 229.759 65.2591 17.757 72.3799 62.6452 13.5205
internal_count=13437 8508 4929 1150 7358 5147 511 3780 1367 360 289 1007 536 134 1231 3598 2211 639 205 141 880 379 179 104 2549 724 197 803 695 150
is_linear=0
shrinkage=1


Tree=1
num_leaves=31
num_cat=0
split_feature=3 1 18 21 21 16 28 7 21 5 13 21 35 20 37 4 20 0 11 38 1 2 19 37 18 37 13 11 35 38
split_gain=108.955 54.802 40.7429 37.6386 21.4723 20.4913 17.816 17.0779 26.7194 17.7131 16.6929 15.1207 14.7526 24.4828 14.1828 12.8045 12.2529 12.1351 11.9089 11.277 11.2268 11.2249 10.5732 10.383 15.1328 23.6188 15.5745 12.1364 14.2806 10.8764
threshold=0.0026945760321041719 0.0057294989413163855 0.0015417750153270671 0.0027616492514642957 0.00076496780418996329 0.013767786286524822 0.28555586085220919 2.5000000000000004 -0.0022843596109300745 0.0059757173973907082 0.076077140721773032 0.0035036681334206479 0.25754758362605107 0.0046605826339694767 0.0064970280552792614 10.769642857142832 0.0076460216976452352 0.0016484389812596435 -0.91882518609445907 0.13683126665531389 -0.011224124616291162 0.0044858493834700362 -0.0027983274875982532 0.64524698382575008 0.0039324042942602468 0.073166858014639333 0.02509388215290231 -0.046125864624551434 0.068370142811343598 0.2332994746145125
decision_type=2 2 2 2 2 2 2 2 2 2 2 2 2 2 2 2 2 2 2 2 2 2 2 2 2 2 2 2 2 2
left_child=2 6 -1 12 -4 -5 7 8 21 10 11 14 -3 -14 -10 -7 -15 -17 -12 -20 -9 -2 -16 24 -22 26 -26 -25 -29 -27
right_child=1 3 4 5 -6 15 -8 20 9 -11 18 -13 13 16 22 17 -18 -19 19 -21 23 -23 -24 27 25 29 -28 28 -30 -31
leaf_value=-0.054613185068307958 -0.021082576435370096 0.0042443344770374423 -0.021163207855911977 0.1731498417792339 0.0053030984524165209 0.13718265870937932 0.034854380002707699 0.037163518064016708 0.081629077909408085 -0.029336495980814344 0.09720037705844406 0.089668883741603353 0.1329098659425807 -0.02811630403512648 0.052705586612762138 0.092967960362331917 0.05589612933228192 0.02683859632545782 -0.045199706484936042 0.032433557422406355 -0.016268678569340677 0.053206201771245243 -0.014689763620315995 -0.041018761940589815 0.0064566923779651427 -0.0098004220122568878 0.12217706801990971 0.070911732118603882 -0.018137640143806553 0.02253744185382581
leaf_weight=71.143680162727833 65.212919391691685 43.419020429253578 256.63940796256065 5.4514869526028624 109.26332860440016 5.691948138177394 49.156381651759148 15.0937602519989 4.7351293489336959 17.166400454938412 6.8721090927720061 4.8175689801573744 6.8613709807395962 7.2859792709350613 6.4610812291502944 12.086233891546728 10.733798764646052 16.284363269805908 4.8399330601096144 139.59975226223469 100.57088655978441 5.5148233175277701 58.608961127698421 41.397852577269077 4.8298410251736623 67.71331300586462 7.3056442961096764 5.9307287037372616 18.691492572426796 42.21061410009861
leaf_count=819 722 477 2895 56 1215 59 538 167 52 191 76 53 67 81 71 127 114 169 54 1527 1120 61 644 463 53 750 79 66 207 464
internal_value=-3.09269e-05 0.0112322 -0.0199916 0.0443058 -0.01326 0.0831462 0.00588394 0.00357801 0.011758 0.0196273 0.0233476 0.00399467 0.0218353 0.0525324 -0.00191809 0.0687417 0.0219272 0.0550105 0.0328918 0.0298322 -0.00487351 -0.0152901 -0.00799779 -0.00707166 -0.00190759 0.00992523 0.0761211 -0.0244857 0.00331159 0.00261727
internal_weight=1211.59 774.543 437.046 107.814 365.903 39.514 666.729 617.573 313.829 243.101 225.935 74.6227 68.3002 24.8811 69.8052 34.0625 18.0198 28.3706 151.312 144.44 303.744 70.7277 65.07 288.65 222.63 122.059 12.1355 66.0201 24.6222 109.924
internal_count=13437 8508 4929 1150 4110 411 7358 6820 3451 2668 2477 820 739 262 767 355 195 296 1657 1581 3369 783 715 3202 2466 1346 132 736 273 1214
is_linear=0
shrinkage=0.05


Tree=2
num_leaves=31
num_cat=0
split_feature=3 1 5 21 9 15 13 21 35 20 21 17 6 5 13 5 3 11 38 2 19 5 17 3 6 38 6 6 17 20
split_gain=98.9158 46.9049 32.5429 30.275 16.7631 19.9871 17.8153 16.7572 16.7103 18.1248 16.6609 16.0062 14.423 16.1246 13.3737 12.837 12.1183 11.7714 11.2966 12.8073 18.712 16.3815 14.9063 14.929 11.236 10.8632 12.3202 19.9917 14.0837 13.0905
threshold=0.0026945760321041719 0.0057294989413163855 0.0012469961213218898 0.0032494915571779971 1.0000000180025095e-35 0.37685276679842522 0.049823571211068444 0.00076496780418996329 0.27405883930448355 0.0046605826339694767 -0.005092894844841908 0.96152293166375602 14.500000000000002 0.002605217171346133 0.67378355215476471 0.0054176333836958414 0.01867463652503595 -0.98165553757165924 0.28450829613624856 0.0015099089785101966 0.0028457534141929212 0.0023669820638478572 0.93973571550231205 0.0034453138394443428 11.500000000000002 0.19537002828636163 2.5000000000000004 8.5000000000000018 0.7705565352172733 0.0027406313956341612
decision_type=2 2 2 2 2 2 2 2 2 2 2 2 2 2 2 2 2 2 2 2 2 2 2 2 2 2 2 2 2 2
left_child=2 4 -1 8 6 10 15 -4 -3 -10 -6 -8 13 -11 24 -2 -13 -12 19 22 21 -21 23 -7 -5 -9 -27 28 -28 -29
right_child=1 3 7 14 5 18 11 25 9 12 17 16 -14 -15 -16 -17 -18 -19 -20 20 -22 -23 -24 -25 -26 26 27 29 -30 -31
leaf_value=-0.04038541312309292 -0.025765340567467883 0.0043798557080304236 -0.018451345028454094 0.015640104125124309 -0.047272273385363189 -0.0043244572258504619 -0.0057004794127155922 -0.012116484203700919 0.12096167238900522 -0.0017955550952207381 0.091058762454597098 0.012199343717369596 -0.024111180829114346 0.11179611692528557 0.13466725379891917 0.045072400720084921 0.078828044652952248 0.010922499134448137 0.11794964441896233 0.045154390195086248 0.0069130225478065124 0.16014163990763339 -0.022027377041194764 0.11746346019914576 0.083270939719566395 -0.041017903257211157 0.046265828095630866 -0.018633129034650569 0.14992416415590687 0.047058431995164532
leaf_weight=128.49815784394741 78.859757319092751 47.415189526975155 204.60655558854342 9.00276066362858 12.184990875422953 4.8769962042570132 184.46267399191856 42.622086375951767 7.2830996513366726 5.5535869747400302 4.7645110413432112 207.00409990549088 7.8502642661333075 7.1418490707874298 8.089787118136881 6.9599667936563483 7.0569909885525695 120.01178389042616 4.8849384412169448 5.9360803216695803 7.9522878900170317 6.4770047664642334 13.366608865559099 5.1984507292509079 19.321975737810135 6.8635486960411063 11.277852244675158 18.961255431175235 4.6187682002782813 12.638350196182726
leaf_count=1514 876 515 2343 88 137 54 2047 476 64 60 51 2266 83 73 76 78 76 1304 51 63 84 68 146 57 191 76 123 211 50 136
internal_value=-5.59888e-05 0.0105406 -0.0193147 0.0405434 0.00554052 0.0183148 0.000644029 -0.0103371 0.0224314 0.0531879 0.00853283 0.00509399 0.0291633 0.0621057 0.0779687 -0.0200204 0.0143959 0.0139825 0.0458293 0.0377872 0.0667924 0.105153 0.0125888 0.0585123 0.0617751 0.00678188 0.0215996 0.0306483 0.0763838 0.00764039
internal_weight=1211.74 781.656 430.087 111.659 669.997 185.654 484.343 301.588 75.244 27.8288 136.961 398.524 20.5457 12.6954 36.4145 85.8197 214.061 124.776 48.6924 43.8074 20.3654 12.4131 23.4421 10.0754 28.3247 96.9819 54.3598 47.4962 15.8966 31.5996
internal_count=13437 8508 4929 1150 7358 2015 5343 3415 795 280 1492 4389 216 133 355 954 2342 1355 523 472 215 131 257 111 279 1072 596 520 173 347
is_linear=0
shrinkage=0.05


Tree=3
num_leaves=31
num_cat=0
split_feature=18 12 19 4 20 7 6 4 5 38 37 37 2 3 12 6 18 6 6 37 4 0 18 37 16 0 38 16 7 32
split_gain=94.7848 59.0662 28.9606 23.3585 19.1005 17.1378 17.7741 16.0994 18.6243 16.6845 14.0086 28.9677 13.0302 12.9834 17.0294 12.8434 12.8204 13.685 18.9541 18.7242 25.9121 21.893 14.4029 12.6189 17.4086 12.4484 11.8072 14.0141 11.8989 11.2855
threshold=0.0019352666125912405 1.0203330613113519 0.010949960413236613 17.971071428571459 0.0021478246781342185 1.0000000180025095e-35 2.5000000000000004 8.0042857142856967 0.003038522970606855 0.18223212760089111 0.58097356320111715 0.80598678176232497 0.0013648261642359839 0.015645406585507633 2.1860177643915111 5.5000000000000009 0.0024839570771464062 15.500000000000002 11.500000000000002 0.52200308446518828 9.5178571428571441 0.0022286000975155398 0.0046851196827895529 0.091196426550787565 0.40693649725785019 -0.00027756694157054634 0.16328602969756709 0.55666578290356061 2.5000000000000004 4.5000000000000009
decision_type=2 2 2 2 2 2 2 2 2 2 2 2 2 2 2 2 2 2 2 2 2 2 2 2 2 2 2 2 2 2
left_child=-1 4 12 -4 -2 7 -7 -6 -9 15 -11 -12 13 23 -15 -10 -14 18 22 20 -20 -21 -18 24 29 -26 -8 28 -28 -3
right_child=1 2 3 -5 5 6 26 8 9 10 11 -13 16 14 -16 -17 17 -19 19 21 -22 -23 -24 -25 25 -27 27 -29 -30 -31
leaf_value=-0.042673478305039203 -0.0093565147562675571 -0.012864734919526956 0.12725477126098403 0.014179367820595524 0.12145549393329172 -0.04160082113904863 -0.026322283795596188 -0.035527812181243554 0.06568298486171556 0.025444788347075975 0.18685750323310135 0.02627136022965447 -0.014851048610181794 -0.010894276029193451 0.10276538893586035 -0.034159649926475237 0.0420713689875052 0.003522953716562827 0.042819388329802963 0.082106351110604436 0.14777100995342049 -0.047673840196472486 -0.011570414291960034 0.0012838386877256146 0.036086045922503869 0.14552055205421188 0.026501800418219409 0.060982622001811461 -0.00739346512164575 0.05872665297245399
leaf_weight=117.8938255161047 498.81138853728771 16.358095876872543 11.106822147965433 7.7568216398358336 4.7923899516463271 21.516779787838459 22.178166650235653 9.8849090039730054 4.9433422386646262 9.1991133987903613 5.7661204561591131 5.4744989648461342 14.719022601842878 5.5199577882885924 8.1780087798833829 9.2444499209523183 41.7715128287673 27.689705416560173 11.12797759473324 7.2336813211441022 12.473470441997049 5.9000902771949768 17.865760684013367 176.30980740487576 5.4442168623209 4.9717571064829809 45.544960223138332 13.700872287154196 60.004870697855949 8.2967188730835897
leaf_count=1435 5629 180 101 75 51 240 245 107 54 96 61 58 163 57 84 100 437 290 117 75 122 61 181 1922 59 55 489 148 655 90
internal_value=-7.77501e-05 0.00451344 0.0203509 0.0807576 -0.00401094 0.00855175 0.000736435 0.0343803 0.0250054 0.0422855 0.0712013 0.108648 0.0172192 0.00978939 0.0569632 0.000627744 0.029269 0.0345035 0.0434048 0.0716577 0.0982868 0.0238051 0.0260017 0.00673242 0.0341238 0.0883214 0.00717756 0.0134078 0.00723241 0.0112269
internal_weight=1211.68 1093.79 382.723 18.8636 711.062 212.25 162.946 49.3048 44.5124 34.6275 20.4397 11.2406 363.86 225.079 13.698 14.1878 138.781 124.062 96.3725 36.7352 23.6014 13.1338 59.6373 211.381 35.0708 10.416 141.429 119.251 105.55 24.6548
internal_count=13437 12002 4069 176 7933 2304 1777 527 476 369 215 119 3893 2447 141 154 1446 1283 993 375 239 136 618 2306 384 114 1537 1292 1144 270
is_linear=0
shrinkage=0.05


Tree=4
num_leaves=31
num_cat=0
split_feature=18 12 1 21 1 7 5 10 13 4 13 20 5 21 3 9 5 3 37 39 0 5 32 13 11 5 21 4 38 5
split_gain=88.3357 52.3087 26.1135 19.7403 19.4007 15.5872 15.921 19.4265 20.3815 14.5472 20.7068 17.5393 15.5287 16.8717 14.3913 13.1816 19.6298 12.1932 13.9278 11.4318 15.373 10.7128 10.4051 12.2196 10.1242 9.95292 9.70573 14.4021 11.4265 10.9472
threshold=0.0019352666125912405 1.0203330613113519 0.0015711677121511608 0.00067119522012179533 0.024376113540199886 2.5000000000000004 0.0059757173973907082 1.0000000180025095e-35 0.049823571211068444 12.618928571428571 0.14757440191431156 0.0038316001037836185 0.0036848115986530513 0.0026916163283450807 0.01867463652503595 1.0000000180025095e-35 0.0057540081743540457 0.0027131266551526172 0.64524698382575008 1.0000000180025095e-35 0.0019507478493240372 0.0022377606298285943 1.5000000000000002 0.11609695163649637 -1.0226042315606902 0.0046957975124000632 0.0059429641096471588 16.289285714285633 0.24011208744569187 0.0041429012343107098
decision_type=2 2 2 2 2 2 2 2 2 2 2 2 2 2 2 2 2 2 2 2 2 2 2 2 2 2 2 2 2 2
left_child=-1 3 14 17 26 6 7 22 -9 10 11 -10 -11 -14 19 16 -7 -2 21 20 -3 -19 23 -5 -20 -15 28 -28 -4 -30
right_child=1 2 4 5 -6 15 -8 8 9 12 -12 -13 13 25 -16 -17 -18 18 24 -21 -22 -23 -24 -25 -26 -27 27 -29 29 -31
leaf_value=-0.042026404685249041 -0.020263447380325109 0.012188564536774325 0.016654276258832389 0.058072924468594814 0.1283144525510673 -0.02120830810250594 -0.03015531040067242 -0.020760759434746534 0.076526493110825156 -0.030810621174447796 0.019931301105653672 0.20482896172370413 0.14265319078486169 0.077075165110668239 0.076552963354138137 0.024297566508931216 0.073813913326629343 -0.017919468401828825 0.045949405672741542 -0.003897988203588389 0.077064177977095444 0.010330616261457364 -0.0024259433601626374 -0.012523420947479422 -0.028550809861353013 -0.014180295890547479 0.12205087220998825 0.018889417602846213 0.056846054662461766 -0.00914556472493523
leaf_weight=113.82725103199482 183.16139521449804 91.174557365477085 86.860748000442982 18.418917775154117 5.3679537922143927 88.904626958072186 15.764148749411104 8.6032558381557447 5.2950404882431013 5.9430326372385052 5.273718610405921 5.3601014092564583 4.7814769148826626 5.9854733198881132 7.5090329125523558 26.83915950357914 5.7889717519283286 43.894749328494072 4.9265572726726523 125.36472488194704 10.147648073732851 142.51462747901678 60.905150391161442 9.1868471726775152 61.327797964215279 5.9663415849208832 6.9633083119988424 6.5803817436099052 41.539378598332405 7.4046780988574019
leaf_count=1435 2145 982 875 196 46 998 177 95 58 62 56 54 50 59 73 290 63 492 55 1361 107 1573 659 96 693 62 63 61 426 75
internal_value=-9.96577e-05 0.00424777 0.0189829 -0.00383678 0.0349232 0.00670549 0.0174065 0.0229309 0.048833 0.0643421 0.100963 0.141069 0.0386179 0.0632762 0.00845222 -0.00663265 -0.0153992 -0.0104408 -0.00332019 0.00619637 0.018686 0.00367843 0.00911568 0.0345794 -0.0230111 0.0315205 0.0315665 0.0719285 0.0275412 0.0468623
internal_weight=1211.58 1097.75 388.912 708.841 154.716 273.016 151.484 135.719 47.2084 38.6052 15.9289 10.6551 22.6763 16.7333 234.196 121.533 94.6936 435.825 252.664 226.687 101.322 186.409 88.5109 27.6058 66.2544 11.9518 149.348 13.5437 135.805 48.9441
internal_count=13437 12002 4069 7933 1546 2975 1624 1447 496 401 168 112 233 171 2523 1351 1061 4958 2813 2450 1089 2065 951 292 748 121 1500 124 1376 501
is_linear=0
shrinkage=0.05


Tree=5
num_leaves=31
num_cat=0
split_feature=4 12 1 21 6 1 21 6 37 21 4 6 13 37 5 5 37 4 21 14 1 21 12 38 38 6 15 4 4 2
split_gain=78.687 45.3453 22.8206 16.9924 18.1949 13.5207 18.3983 12.8261 11.9687 11.8874 11.9858 11.7675 11.2169 15.5986 16.3221 11.0525 10.9265 18.3847 14.7346 14.7009 12.9653 12.8355 10.7156 12.3465 10.65 24.3135 10.6497 10.6065 11.9175 15.3923
threshold=5.148571428571473 1.0203330613113519 0.0057294989413163855 0.00081672655329153806 21.500000000000004 0.0036306911993252747 0.0020312490651438388 20.500000000000004 0.94073553620903738 0.004868823751718941 19.314285714285706 14.500000000000002 0.034794384598450113 0.57301880725679821 0.0027463326154095473 0.0009930885754307684 0.091196426550787565 5.6285714285714752 -0.0015150950331379919 0.50425612432075884 -0.016476628801478363 -0.005092894844841908 0.39202607049441091 0.14455346143364711 0.23108158800030379 2.5000000000000004 0.33021598060238583 10.769642857142832 9.3799999999999475 0.0072007426042955932
decision_type=2 2 2 2 2 2 2 2 2 2 2 2 2 2 2 2 2 2 2 2 2 2 2 2 2 2 2 2 2 2
left_child=15 3 16 12 5 6 8 22 -5 27 11 -11 -2 14 -14 -1 17 -3 19 -19 -18 -22 23 -8 -15 -26 -25 28 29 -4
right_child=1 2 9 4 -6 -7 7 -9 -10 10 -12 -13 13 24 -16 -17 20 18 -20 -21 21 -23 -24 26 25 -27 -28 -29 -30 -31
leaf_value=-0.047912201636096337 -0.023056194070604458 0.11765595432074023 0.089050300763739737 0.01915702139126034 -0.033398900512935967 0.037759156929836335 -0.04388518239600922 0.055417130491621031 0.094720490217665043 0.059551056680222564 0.017194828449946697 0.15140919436375794 -0.0078796868810047504 -0.033788921865992944 0.020398828493585722 -0.021435736005134404 0.055118971518453533 0.13905512957926536 0.0083375084485312785 0.016118296396485612 -0.030806112676396727 0.0092210880369554687 -0.018523611152410715 0.099138742765685697 0.10190813945227584 -0.015952399919399889 -0.0014538176630758436 0.011566199487302493 0.10100843799866549 -0.010352293660217159
leaf_weight=68.09944649040699 107.15098500996828 5.7622066959738723 6.5087119415402475 72.134749330580235 24.772579498589039 40.911839850246906 4.3567559495568267 7.6278537362813941 5.6508906036615363 7.6291562244296092 6.0174066722393027 6.4207070544362068 129.59351523220539 60.522249914705753 84.168301060795784 93.584704123437405 13.928446553647516 4.8650344833731634 36.431471347808838 4.8619573935866356 22.095138169825077 214.0974662899971 87.218436136841774 6.1229455694556219 5.0776062607765189 31.655494272708893 4.6137836277484894 30.590747445821762 9.1267525255680066 9.6960853561758977
leaf_count=897 1249 62 63 791 275 416 50 81 62 63 53 51 1493 703 928 1122 144 50 376 52 242 2272 948 65 56 359 51 289 80 94
internal_value=-0.000117701 0.00488399 0.0187358 -0.00291319 0.00730355 0.0117136 0.00603739 -0.00712909 0.0246465 0.0432279 0.0762409 0.10153 -0.00910454 -0.00429795 0.00325492 -0.0325873 0.0125739 0.0334468 0.0229345 0.0776062 0.00824108 0.00547666 -0.0117922 0.0271055 -0.0208987 0.00033943 0.0559121 0.0313815 0.0553107 0.0295731
internal_weight=1211.29 1049.61 378.031 671.578 253.41 228.637 187.725 109.94 77.7856 75.9896 20.0673 14.0499 418.168 311.017 213.762 161.684 302.042 51.9207 46.1585 9.72699 250.121 236.193 102.312 15.0935 97.2554 36.7331 10.7367 55.9223 25.3315 16.2048
internal_count=13437 11418 3891 7527 2739 2464 2048 1195 853 693 167 114 4788 3539 2421 2019 3198 540 478 102 2658 2514 1114 166 1118 415 116 526 237 157
is_linear=0
shrinkage=0.05


Tree=6
num_leaves=31
num_cat=0
split_feature=18 12 1 21 6 6 21 6 1 3 6 38 2 3 37 17 13 5 11 37 0 37 18 5 18 16 18 15 37 34
split_gain=77.6114 41.6014 20.405 16.262 18.0645 13.9238 16.359 13.2077 12.1935 11.5427 11.0853 10.9867 24.2688 10.859 12.0539 12.4492 16.9223 10.568 10.4491 10.4137 17.105 16.3751 10.2165 14.5976 12.4266 10.032 12.7534 9.78294 9.65676 15.5946
threshold=0.0019352666125912405 1.0203330613113519 0.0015711677121511608 0.00067119522012179533 21.500000000000004 11.500000000000002 0.0036830302271047893 15.500000000000002 -6.355861028706389e-05 0.01867463652503595 1.5000000000000002 0.15980484823893579 0.015065882287988799 0.0027131266551526172 0.57301880725679821 0.66540681325236228 0.084634202901536879 0.0061373255634689979 -0.92758928180851463 0.53764760954974922 0.0022286000975155398 0.33771180768200199 0.0071193326119593945 0.0040205534634390376 0.0046851196827895529 0.36253665076290248 0.0039105208333885116 0.34314447428452427 0.10086846605595935 0.13799462464659926
decision_type=2 2 2 2 2 2 2 2 2 2 2 2 2 2 2 2 2 2 2 2 2 2 2 2 2 2 2 2 2 2
left_child=-1 3 9 13 8 22 7 19 17 28 -10 -8 -13 -2 15 16 -15 -5 -16 21 -21 -7 23 24 25 26 -4 -9 29 -3
right_child=1 2 5 4 -6 6 11 27 10 -11 -12 12 -14 14 18 -17 -18 -19 -20 20 -22 -23 -24 -25 -26 -27 -28 -29 -30 -31
leaf_value=-0.040837963034919822 -0.019047748644447238 0.0074104798611629693 0.0001061279967099629 0.0024864862017528128 -0.033980259145399608 0.034826094866081091 0.12130090241599734 0.030714985409781754 -0.025863454188707592 0.065997913607954165 0.024889309054217219 0.11215130548877286 -0.01534431463183851 0.0041527241994487292 0.028568547346653886 -0.0011286499206304053 0.086755325796039853 -0.055362477403826327 -0.025836345467568661 0.076621725778174388 -0.047734963908367463 0.12023800786416333 -0.042868630448194965 0.099770370568617303 -0.031808814104457461 0.074741714952158533 0.063578213887813206 -0.030455711799676613 0.00028634655830073061 0.072971283440111098
leaf_weight=106.77707055211067 177.8984634205699 31.507940672338009 33.634467303752899 108.24585374444723 25.668191403150558 13.620131753385069 9.3917279392480868 14.944086171686651 11.803859524428843 8.1079366952180845 121.53440361469984 7.9546715095639211 7.0320790186524391 15.87528255581856 10.105486176908014 144.9771685525775 10.173740535974501 8.5159471780061704 69.680063657462597 5.2483699247241002 5.8443950861692429 9.5437018349766713 6.9532116800546637 5.3848512694239608 12.005234874784945 8.3768556714057905 10.349198222160338 11.617245145142077 185.37753631919622 12.737096741795538
leaf_count=1435 2145 329 340 1186 293 130 71 153 133 73 1265 71 60 174 113 1603 110 98 813 51 60 84 65 47 116 83 96 119 1995 126
internal_value=-0.000132923 0.00380361 0.0166897 -0.00350632 0.0059655 0.0303805 0.0442936 0.030422 0.0100652 0.00736599 0.0203964 0.0788995 0.0523278 -0.00959907 -0.00289722 0.00458949 0.0364141 -0.00173269 -0.0189455 0.0509394 0.0111025 0.0700165 0.014927 0.0206884 0.0140724 0.0245921 0.0150409 0.00396049 0.00529571 0.0262839
internal_weight=1210.89 1104.11 399.631 704.478 275.768 161.9 85.1964 60.8179 250.1 237.731 133.338 24.3785 14.9868 428.71 250.812 171.026 26.049 116.762 79.7855 34.2566 11.0928 23.1638 76.7038 69.7506 64.3658 52.3605 43.9837 26.5613 229.623 44.245
internal_count=13437 12002 4069 7933 2975 1546 799 597 2682 2523 1398 202 131 4958 2813 1887 284 1284 926 325 111 214 747 682 635 519 436 272 2450 455
is_linear=0
shrinkage=0.05


Tree=7
num_leaves=31
num_cat=0
split_feature=18 11 21 21 6 5 37 5 5 21 6 13 38 16 38 5 9 5 11 21 20 18 21 38 18 2 18 13 37 6
split_gain=72.3318 36.805 18.3857 12.9572 21.1387 14.2128 12.7375 15.3466 12.7642 20.7468 15.2441 12.4149 11.6422 12.9546 10.9665 10.507 9.98419 13.6653 14.6255 9.74966 14.3314 9.716 9.60947 9.02636 8.9989 18.4286 11.0569 11.0491 17.7085 9.99848
threshold=0.0019352666125912405 0.057351496801725722 0.0024721883664405742 -0.00029414136312964136 21.500000000000004 0.0022225025918846792 0.57301880725679821 0.0042853218353773809 0.0047495810104132884 -0.0028718505339819316 10.500000000000002 0.67378355215476471 0.23108158800030379 0.39150818082143329 0.21477674062347138 0.007150544693816146 1.0000000180025095e-35 0.0033122919658279586 -0.61419467962960173 0.0020784275621064836 0.0021478246781342185 0.0015417750153270671 0.0016640203144776264 0.19831387966821329 0.0033861830332465892 -0.0016783596927504489 0.0029499580500138346 0.10604542968642665 0.073166858014639333 15.500000000000002
decision_type=2 2 2 2 2 2 2 2 2 2 2 2 2 2 2 2 2 2 2 2 2 2 2 2 2 2 2 2 2 2
left_child=21 3 14 5 16 -2 7 -7 -9 10 -10 -4 -8 -14 15 -3 -5 19 -19 20 23 -1 -22 -18 25 -16 27 -27 -29 -26
right_child=1 2 11 4 -6 6 12 8 9 -11 -12 -13 13 -15 24 -17 17 18 -20 -21 22 -23 -24 -25 29 26 -28 28 -30 -31
leaf_value=-0.05327200385985869 -0.025530278506596865 -0.0040731908697385485 0.027996014648070736 0.0018297704559198887 -0.032047434181214557 -0.0025041440072461935 -0.032087232546446291 0.09608586978838736 3.5001875148906589e-05 -0.038903409114571269 0.11389166887594274 0.079070583785390794 -0.01238095622454179 0.071203752704134787 -0.026656872172958042 0.068755652102481912 0.056762643378380988 0.12134652176753505 0.022451784351089649 -0.015498340203286266 0.035819258924629539 -0.022194746643851345 0.11627584251315892 -0.0060089579715809716 0.034706075793423323 -0.0023908164124206155 -0.017807539926531203 0.13728545515944734 0.033992854474197025 0.00092728791860785238
leaf_weight=59.732356436550617 106.77781784534454 119.23041887581348 61.550531983375549 258.8171351775527 38.838383734226227 110.40496079623699 54.522937394678593 7.2454278394579914 5.3820110782980954 8.8593854308128321 6.478789433836937 14.749042622745035 17.415529511868957 6.3171554282307616 29.192612409591675 5.1669670045375815 7.1201850324869147 6.4622051119804373 8.8702426329255086 22.18176855891943 11.415193833410742 43.441073052585125 5.4990096762776366 29.268859520554543 90.27489810436964 11.191245734691618 11.72978901863098 5.4127538502216366 17.777679048478603 28.92688162624836
leaf_count=852 1288 1252 571 2844 456 1246 660 79 59 95 69 112 198 72 316 49 79 64 89 232 118 583 55 329 889 118 121 53 188 301
internal_value=-0.000146225 0.00358534 0.015821 -0.00320735 0.00294748 -0.0106005 -0.00324146 0.00587641 0.0389618 0.0189867 0.0622275 0.037869 -0.0193635 0.00986758 0.0105459 -0.00104817 0.00683481 0.0210985 0.0641332 0.0123573 0.0239492 -0.040187 0.0619767 0.00627346 0.0179609 0.00442988 0.0241105 0.0384115 0.0581018 0.0265089
internal_weight=1210.25 1107.08 395.203 711.877 388.473 323.404 216.626 138.371 27.9656 20.7202 11.8608 76.2996 78.2556 23.7327 318.903 124.397 349.635 90.8175 15.3324 75.485 53.3032 103.173 16.9142 36.389 194.506 75.3041 46.1115 34.3817 23.1904 119.202
internal_count=13437 12002 3970 8032 4266 3766 2478 1548 302 223 128 683 930 270 3287 1301 3810 966 153 813 581 1435 173 408 1986 796 480 359 241 1190
is_linear=0
shrinkage=0.05


Tree=8
num_leaves=31
num_cat=0
split_feature=18 12 1 21 6 7 21 37 32 32 32 1 6 6 20 37 37 0 37 3 12 39 0 13 17 18 1 9 3 37
split_gain=67.4186 33.0383 15.8441 13.5977 15.2643 16.2073 15.5887 22.2945 13.3168 12.0375 11.8691 11.4886 10.8052 11.492 12.6102 12.1359 18.1839 17.7424 9.9089 9.82518 10.8455 10.4586 11.5623 9.79349 10.7093 9.70467 9.66107 11.4409 9.64038 10.5756
threshold=0.0019352666125912405 1.0203330613113519 0.0015711677121511608 0.00067119522012179533 21.500000000000004 2.5000000000000004 0.0020784275621064836 0.66613182578346075 11.500000000000002 8.5000000000000018 2.5000000000000004 0.024376113540199886 11.500000000000002 15.500000000000002 0.011082655644936388 0.50324608751509603 0.32751859222585783 0.0022286000975155398 0.90075143496933918 0.015645406585507633 2.3539101359591124 1.0000000180025095e-35 0.0019507478493240372 0.14601390850285376 0.8207095933288383 0.0015417750153270671 -0.00081183727999446017 1.0000000180025095e-35 0.0027131266551526172 0.64524698382575008
decision_type=2 2 2 2 2 2 2 2 2 2 2 2 2 2 2 2 2 2 2 2 2 2 2 2 2 2 2 2 2 2
left_child=25 3 19 28 5 6 7 9 26 -5 23 12 -4 15 -15 16 -14 -17 -16 21 -21 22 -3 24 -8 -1 27 -7 -2 -30
right_child=1 2 11 4 -6 8 10 -9 -10 -11 -12 -13 13 14 18 17 -18 -19 -20 20 -22 -23 -24 -25 -26 -27 -28 -29 29 -31
leaf_value=-0.053020011731960526 -0.017923981192934715 0.0097125604738820381 0.010174274384126943 0.041512186617022773 -0.032457027265578274 -0.04632874865944487 0.023700433560463072 0.13139900147986158 0.070120905589586544 -0.025284710179552996 -0.0088308488860530214 0.091254018704170284 0.040151394713723844 -0.0048920640882697177 0.012408930014605411 0.06857504833149651 0.12089572115681944 -0.029398001503331574 0.10132737185074021 -0.010039772586036087 0.079642705878125844 -0.0060848821372568168 0.063423167007461131 -0.0037237917725490583 0.093525088062653916 -0.021491851570269668 0.0021076484111471378 0.014782067048466171 0.0033614750615917968 -0.020449750846740857
leaf_weight=57.082410126924515 173.24585914611816 93.441186547279358 76.671739138662815 38.868724308907986 24.330447554588318 27.61233202368021 16.203739292919639 6.1163861975073806 5.5556719079613677 8.1608601212501508 49.841865710914135 6.5673943758010855 17.359127737581733 25.248945996165276 6.3246395140886289 9.4676751121878642 11.653753794729708 9.0269424021244031 6.2090427577495575 5.3561732918024054 9.0961410254240018 121.6737594678998 11.223443195223807 15.197557531297205 8.3064574748277646 42.639475852251053 67.225013472139835 10.598629236221312 187.23165690898895 62.097955815494061
leaf_count=852 2145 973 731 399 293 316 162 60 60 87 531 46 154 256 52 81 91 87 48 52 79 1312 107 155 80 583 720 112 2065 748
internal_value=-0.000158517 0.00337969 0.0146656 -0.00321407 0.00537381 0.00900206 0.020148 0.0415999 -0.00532761 0.0299212 0.00741666 0.0264242 0.0237954 0.0360401 0.0154597 0.0524076 0.0725844 0.0207559 0.0564581 0.00643578 0.0464055 0.00388361 0.0154721 0.0278108 0.0473639 -0.0395391 -0.00930317 -0.0293784 -0.00886414 -0.00256894
internal_weight=1209.64 1109.91 409.32 700.593 278.018 253.687 142.696 53.146 110.992 47.0296 89.5496 168.529 161.962 85.2901 37.7826 47.5075 29.0129 18.4946 12.5337 240.791 14.4523 226.338 104.665 39.7078 24.5102 99.7219 105.436 38.211 422.575 249.33
internal_count=13437 12002 4069 7933 2975 2682 1474 546 1208 486 928 1546 1500 769 356 413 245 168 100 2523 131 2392 1080 397 242 1435 1148 428 4958 2813
is_linear=0
shrinkage=0.05


Tree=9
num_leaves=31
num_cat=0
split_feature=3 7 21 4 13 38 4 11 37 5 37 1 10 1 34 2 19 5 5 17 1 3 19 37 8 4 5 37 37 0
split_gain=59.8436 25.224 19.0831 18.0119 17.0917 14.5178 14.2225 13.1091 15.3768 22.4232 17.8064 12.7019 13.8663 12.0747 10.9925 10.7617 11.0868 10.444 15.8136 12.6282 10.4404 9.6659 11.8212 13.1408 9.17313 9.08619 13.3385 12.999 15.575 14.0736
threshold=0.0021165296411061797 2.5000000000000004 -0.0024134052955811602 4.3121428571428497 0.059910741667274912 0.13683126665531389 28.826428571428586 -0.056346197352850701 0.6400601291231679 0.0045740982296839962 0.1790102296080924 -0.00063709670607286204 1.0000000180025095e-35 -0.0030838659413286898 0.85484136646886189 -0.0029461800174056512 -0.0011783404264440389 0.002939643267625722 0.0036848115986530513 2.2869937366546593 0.0087702738817911647 0.0048375332255262684 0.00044434328229721608 0.35295566687920749 1.0000000180025095e-35 12.381785714285686 0.0040637849697088358 0.60746743362721789 0.78288800478598797 -0.00013884908983322663
decision_type=2 2 2 2 2 2 2 2 2 2 2 2 2 2 2 2 2 2 2 2 2 2 2 2 2 2 2 2 2 2
left_child=3 2 6 -1 15 20 14 8 9 -3 -11 -12 -13 -7 -2 16 24 -9 21 -20 -6 -19 23 -23 -4 26 27 29 -29 -15
right_child=1 7 4 -5 5 13 -8 17 -10 10 11 12 -14 25 -16 -17 -18 18 19 -21 -22 22 -24 -25 -26 -27 -28 28 -30 -31
leaf_value=-0.043717412854807874 -0.017247042852598787 -0.011177770986248614 -0.029778835346643068 -0.01367762539402995 -0.047231742476800689 0.0074749066344060649 0.062812913429680359 -0.0022464374295478704 -0.034048079421681809 0.12234250154881815 -0.025040809621526341 -0.0027507531098562607 0.097838317514022444 0.065053083675097767 0.062178659997719078 -0.010817659443291151 0.088551212168400117 -0.0069199931529372212 -0.0048950865688414903 0.066032597279572683 0.035294062527592103 0.085844276787253829 0.10063421071928268 -0.018168974647029063 0.050449043393820669 0.019166924958185803 0.10554564726149621 -0.045852827741572809 0.063182655119567929 0.028907280520096057
leaf_weight=68.717485897243023 78.479797169566154 161.69534103572369 7.7547747939825076 182.23092100769281 11.75359181314707 63.753847114741802 6.7148008570075026 145.91200418025255 54.721695959568024 5.0255349799990681 9.7379635497927719 6.5806359723210281 7.1470798179507256 41.985159359872341 4.6122685074806204 66.879558086395264 5.8906918615102759 6.0764058306813267 49.106800876557827 7.1949921101331702 5.6867442131042472 5.6275188997387904 11.318210422992705 6.5954297184944153 6.5912923738360405 83.981901131570339 7.3508759737014762 9.5115644261240941 4.9951899200677863 75.097297072410583
leaf_count=1031 895 1861 87 2202 131 670 70 1561 663 49 105 70 75 426 45 742 65 63 486 58 39 57 98 69 72 810 67 98 49 723
internal_value=-0.000168687 0.00552606 0.0136039 -0.0219035 0.0183752 0.0239686 -0.0071819 -0.00262463 -0.0106914 -0.00397108 0.0369288 0.0186362 0.0496191 0.0266632 -0.0128383 -0.00115083 0.0307966 0.00589717 0.019727 0.004169 -0.0203227 0.0493021 0.0638141 0.0297194 0.00708182 0.0321508 0.0399989 0.0363373 -0.00830804 0.041869
internal_weight=1208.73 957.779 481.039 250.948 391.232 304.116 89.8069 476.74 244.908 190.187 28.4912 23.4657 13.7277 286.676 83.0921 87.1163 20.2368 231.831 85.9194 56.3018 17.4403 29.6176 23.5412 12.2229 14.3461 222.922 138.94 131.589 14.5068 117.082
internal_count=13437 10204 4989 3233 3979 3013 1010 5215 2823 2160 299 250 145 2843 940 966 224 2392 831 544 170 287 224 126 159 2173 1363 1296 147 1149
is_linear=0
shrinkage=0.05


Tree=10
num_leaves=31
num_cat=0
split_feature=18 1 13 38 7 11 1 21 11 21 9 20 3 35 16 16 11 39 19 37 31 13 12 15 0 13 4 18 37 4
split_gain=60.7428 28.086 19.1218 16.5486 19.2638 14.0086 13.7734 13.4115 12.2407 11.4178 12.7198 14.3082 12.6831 10.1933 9.43118 9.79395 17.6942 9.36063 15.7634 13.123 11.6009 10.3631 12.3967 10.1556 8.88845 8.27919 8.18253 11.9159 12.5241 13.9632
threshold=0.0015417750153270671 0.0057294989413163855 0.05130747452492198 0.18042039447121375 2.5000000000000004 -0.89084537138701647 -0.013159920406085561 0.0027616492514642957 -0.95528361617653379 0.0044455840167246007 1.0000000180025095e-35 0.00032642150084720694 0.0035837805281964514 1.4601201512477413 0.48698299585165233 0.26642295267922061 -0.75422766924710827 1.0000000180025095e-35 0.0042087825058438359 0.18611284725058416 0.44302930282129438 0.063486870989652722 1.659624661943645 0.5513289036545127 7.3199283565374241e-05 0.48007079487838494 5.8064285714285537 0.0028996184839378586 0.06707265508020617 8.0042857142856967
decision_type=2 2 2 2 2 2 2 2 2 2 2 2 2 2 2 2 2 2 2 2 2 2 2 2 2 2 2 2 2 2
left_child=-1 2 9 13 5 8 -6 -3 24 10 -2 12 -12 -4 15 16 -13 20 19 -19 21 -7 23 26 -5 -21 -23 -28 -29 -30
right_child=1 7 3 4 6 17 -8 -9 -10 -11 11 14 -14 -15 -16 -17 -18 18 -20 25 -22 22 -24 -25 -26 -27 27 28 29 -31
leaf_value=-0.052615638503014539 -0.02000719029551171 0.01074661654305676 -0.012026504646819655 -0.0045239336706068113 0.06708971318650904 -0.015005882754526387 -0.0026332853655447724 0.042961479624281734 0.11668659454549993 0.054742897740046141 -0.026436812220481644 0.10790191803512111 0.045422673004515302 0.059239813991957539 0.088969521858826811 -0.024054038697297303 0.0021492058599428955 0.073114575629251236 0.0658154411021276 -0.0087143379726039097 -0.036106423399639834 0.10706754759125051 -0.0030886897014609396 -0.0073605973199274855 0.07344270889116826 0.036479229469419686 -0.0065435426534265892 0.0039914488224287309 0.12099304345781914 0.050562163532363646
leaf_weight=52.81455110013485 196.88822509348392 80.29761677980423 168.63434471935034 7.7478434890508669 7.2584095746278754 12.293496020138262 293.41004372388124 54.057781904935837 6.0701152980327597 6.3101191520690909 36.817566134035587 6.1017964631319073 7.369496911764144 5.1713653877377501 5.5022493079304686 9.3866563215851766 11.244277626276018 5.781264714896678 9.7544039040803892 100.22872816771269 7.4598867595195761 5.5078042224049559 18.637029886245728 9.1745890825986844 6.920830987393856 11.273714259266852 10.03269326686859 10.697962924838064 8.7202345356345159 36.460592448711395
leaf_count=852 2392 779 1899 82 70 137 3296 417 63 67 454 66 75 51 57 101 126 57 91 1054 77 58 181 93 70 111 102 104 85 370
internal_value=-0.000179196 0.00221812 -0.000610205 0.00359279 0.00772754 0.0175082 -0.000950109 0.0237082 0.0569722 -0.0117518 -0.013287 0.00402646 -0.0144521 -0.00990607 0.0293565 0.0170867 0.0393496 0.0141815 0.00474279 -0.000336585 0.0242591 0.028297 0.0336617 0.04216 0.0322615 -0.00414494 0.0485215 0.0436292 0.0526374 0.0641558
internal_weight=1208.03 1155.21 1020.86 741.235 567.43 266.761 300.668 134.355 20.7388 279.62 273.31 76.422 44.1871 173.806 32.235 26.7327 17.3461 246.022 127.038 117.284 118.984 111.524 99.2309 80.5939 14.6687 111.502 71.4193 65.9115 55.8788 45.1808
internal_count=13437 12585 11389 8051 6101 2735 3366 1196 215 3338 3271 879 529 1950 350 293 192 2520 1313 1222 1207 1130 993 812 152 1165 719 661 559 455
is_linear=0
shrinkage=0.05


Tree=11
num_leaves=31
num_cat=0
split_feature=18 11 18 4 37 16 7 21 6 9 7 6 39 18 6 3 38 37 14 15 21 5 9 23 23 5 1 21 5 3
split_gain=57.3873 25.3378 13.9704 16.667 17.9173 11.4636 11.2477 13.6436 16.5444 12.353 14.5015 30.1907 12.9493 13.5159 12.1603 11.1821 10.5833 11.8423 10.0652 10.0163 10.0072 9.83692 9.65033 9.35593 11.7143 10.5297 9.34954 8.96748 21.2429 8.91707
threshold=0.0015417750153270671 0.057351496801725722 0.0038258080492921385 8.8139285714285069 0.29649156669774895 0.013767786286524822 2.5000000000000004 -0.00089998418724337049 1.0000000180025095e-35 1.0000000180025095e-35 5.5000000000000009 16.500000000000004 1.0000000180025095e-35 0.0040690563432267549 21.500000000000004 0.0019781437780679177 0.15192233975085548 0.33445689895626984 0.12308548878642912 0.36359515371299506 0.0035911253924730529 0.0041042636587397324 1.0000000180025095e-35 -0.00026451199017705698 2.1938351379064397e-05 0.0019824138164490717 -0.0028236667545532561 -0.005092894844841908 0.007150544693816146 0.0080027003351418498
decision_type=2 2 2 2 2 2 2 2 2 2 2 2 2 2 2 2 2 2 2 2 2 2 2 2 2 2 2 2 2 2
left_child=-1 6 26 4 22 20 7 8 -2 10 -8 -12 13 -11 15 18 17 -17 -9 -15 -5 23 -4 -13 -25 -26 -3 28 -7 -18
right_child=1 2 3 5 -6 27 9 14 -10 12 11 21 -14 19 -16 16 29 -19 -20 -21 -22 -23 -24 24 25 -27 -28 -29 -30 -31
leaf_value=-0.052388740989488571 0.084756937917272374 -0.018311402921352846 0.04586388759619129 0.024888338574490229 -0.013979498051978007 -0.035149684077911768 -0.021071531674096297 0.042676003557292425 -0.015557457651748539 0.0060889051286440732 -0.025809563779773528 -0.022839096034955032 -0.014945928721907895 0.028484659770129844 -0.024188054948494419 0.04569594974843344 0.024287495535104758 -0.041409880235957715 -0.029016615079619546 0.11000616472723863 0.10290478089156517 0.10495593429805723 0.12361929139826473 0.10878248751159883 -0.012184438345666515 0.084606673329126442 0.0078694310084766739 0.01672291696417149 0.060735799745923628 -0.027696038018754872
leaf_weight=50.450858689844608 4.2744935154914847 45.378589235246181 7.2911032289266631 10.868841081857683 5.8139765709638587 24.150079488754276 216.12344510853291 6.1043576449155834 106.95106168836355 38.356733985245228 34.366439320147038 6.2854381054639878 41.943701423704624 9.3946251124143583 24.25771364569664 5.3978062793612507 161.68266465514898 14.080138497054575 24.726027600467205 6.2911183610558501 6.6102498620748511 5.2831831574439994 8.8148269802331924 5.5038904175162342 8.152677044272421 4.2876388579607001 137.21025782078505 170.9203841611743 7.5921818166971198 8.693109489977358
leaf_count=852 48 493 69 97 56 263 2625 69 1254 461 428 81 481 93 292 57 1650 159 291 61 42 57 78 70 98 50 1433 1573 68 88
internal_value=-0.000188327 0.00208825 0.0118048 0.0196812 0.0612596 0.0155412 -0.00354733 0.00282004 -0.0117023 -0.00957902 -0.0148853 0.00604451 0.00590009 0.0220792 0.00941448 0.0131081 0.0176436 -0.0172708 -0.0148216 0.0611807 0.0543926 0.0431372 0.0884197 0.0296579 0.0480464 0.0211753 0.00136274 0.0121904 -0.0122156 0.0216351
internal_weight=1207.26 1156.81 424.65 242.062 21.9199 220.142 732.156 356.167 111.226 375.989 280.003 63.8793 95.9862 54.0425 244.942 220.684 189.854 19.4779 30.8304 15.6857 17.4791 29.5128 16.1059 24.2296 17.9442 12.4403 182.589 202.663 31.7423 170.376
internal_count=13437 12585 4172 2246 203 2043 8413 3908 1302 4505 3409 784 1096 615 2606 2314 1954 216 360 154 139 356 147 299 218 148 1926 1904 331 1738
is_linear=0
shrinkage=0.05


Tree=12
num_leaves=31
num_cat=0
split_feature=18 3 1 21 38 6 7 21 6 32 1 21 4 5 18 14 7 37 32 21 12 17 7 5 38 21 21 20 6 7
split_gain=54.2302 23.0991 15.3826 11.7786 11.5174 11.032 22.3727 14.8166 13.9646 12.1777 11.8266 13.0295 13.1543 16.698 13.9885 10.6213 10.4543 13.3567 10.0426 10.019 9.98931 9.41898 12.1668 21.9486 9.15051 10.2992 14.3726 15.0805 21.4039 8.86508
threshold=0.0015417750153270671 0.0026945760321041719 0.0057294989413163855 0.00076496780418996329 0.18358839518128853 15.500000000000002 5.5000000000000009 0.0042797846236910667 6.5000000000000009 14.500000000000002 -0.012101380137708681 -0.0012787639759286103 14.218571428571378 0.0043631187632195093 0.0058423751433618271 0.29431416417305661 2.5000000000000004 0.029957799045645196 4.5000000000000009 0.0027616492514642957 0.30508947987368684 1.6908700412191056 1.0000000180025095e-35 0.0021297210057128987 0.26734199337498266 0.0023313954091685666 -0.0022843596109300745 -0.00047630148915583107 2.5000000000000004 2.5000000000000004
decision_type=2 2 2 2 2 2 2 2 2 2 2 2 2 2 2 2 2 2 2 2 2 2 2 2 2 2 2 2 2 2
left_child=-1 3 4 -2 -3 8 7 20 9 16 -10 -12 14 -14 21 -8 17 -6 -9 -4 -7 22 23 -13 25 26 -19 28 -28 -22
right_child=1 2 19 -5 5 6 15 18 10 -11 11 12 13 -15 -16 -17 -18 24 -20 -21 29 -23 -24 -25 -26 -27 27 -29 -30 -31
leaf_value=-0.052169709687716365 -0.015644573941973154 -0.0080233327878019879 0.010433073782322987 0.0042777284177099332 0.083243820005256097 0.05550077623903904 0.098551678672805759 0.0013936982821068336 0.08185733909724166 0.073634022161390159 -0.00052458762106795333 -0.0029651282220554374 0.14027353803249573 0.023439506212134451 -0.039580515883440477 0.02240253402870734 -0.018205659965055625 -0.027375043983204048 0.095837703583990907 0.038179864049566636 -0.006148537679909985 -0.0033274162503781619 0.025614152206689025 0.12297421303969325 -0.023204793913523817 -0.040919042341672901 0.14094304640867625 0.008412584581665208 0.012599932159212927 -0.03183813823696801
leaf_weight=48.18674923479557 225.2611443400383 165.71961662173271 78.142022386193275 110.62815636396408 5.7354214340448371 4.9484935551881781 6.153978347778323 6.0802661031484586 7.5563790723681441 5.3664597794413558 63.831863686442375 5.5797922611236563 5.5617014914751035 6.7940016537904739 8.6013204902410489 17.894646443426609 61.407851420342922 8.8242420479655213 5.2409427240490913 55.742310799658298 81.009174704551697 21.568798951804638 80.164456509053707 9.1046457514166814 21.19408442825079 6.4470506384968749 7.3434050530195218 13.109276525676256 5.8256626278162003 57.360898271203041
leaf_count=852 2895 1856 739 1215 59 56 67 64 71 53 668 55 51 62 82 196 686 98 52 411 851 215 790 78 218 65 73 132 61 666
internal_value=-0.000196995 0.00196533 0.00647824 -0.00908298 0.00346243 0.0071039 -0.00297491 -0.00995186 0.012339 -0.000176453 0.0204475 0.0181413 0.0268145 0.0760303 0.0219504 0.0418889 -0.00322603 0.0102068 0.0451148 0.0219854 -0.0143018 0.0264966 0.0332786 0.0751198 0.00353043 0.0171678 0.0278362 0.0463761 0.0841673 -0.0167981
internal_weight=1206.38 1158.2 822.309 335.889 688.424 522.705 178.688 154.64 344.016 135.253 208.763 201.207 137.375 12.3557 125.019 24.0486 129.887 68.4791 11.3212 133.884 143.319 116.418 94.8489 14.6844 62.7437 41.5496 35.1026 26.2783 13.1691 138.37
internal_count=13437 12585 8475 4110 7325 5469 1952 1689 3517 1445 2072 2001 1333 113 1220 263 1392 706 116 1150 1573 1138 923 133 647 429 364 266 134 1517
is_linear=0
shrinkage=0.05


Tree=13
num_leaves=31
num_cat=0
split_feature=18 13 7 21 5 5 21 18 39 5 12 18 6 37 5 5 38 32 18 38 6 37 6 16 37 11 18 3 16 37
split_gain=51.2582 21.5143 19.9645 13.853 12.7909 23.2761 13.7801 11.5041 11.1881 15.3033 10.3488 11.5952 10.1275 11.4254 15.4041 19.8085 10.2594 9.92997 14.9433 14.9356 14.5152 12.0929 11.7445 12.0098 11.6487 16.8789 8.96564 8.71573 10.2263 11.1471
threshold=0.0015417750153270671 0.059910741667274912 2.5000000000000004 -0.0009502619797376005 0.0058740850298980235 0.0054797427478735427 0.0079222407933454472 0.0065637538387202732 1.0000000180025095e-35 0.0052552201745046786 0.87111385700328803 0.0039324042942602468 21.500000000000004 0.60746743362721789 0.0024448953940512264 0.0038815820080650991 0.13683126665531389 12.500000000000002 0.0032376935926226712 0.22851928857042189 20.500000000000004 0.1790102296080924 5.5000000000000009 0.11637227448708763 0.14114449863497949 -0.036000826280199495 0.0026344375243919746 0.011165252207400387 0.30279644295728814 0.34718500726545737
decision_type=2 2 2 2 2 2 2 2 2 2 2 2 2 2 2 2 2 2 2 2 2 2 2 2 2 2 2 2 2 2
left_child=-1 7 3 27 5 6 12 -2 9 -9 -4 -12 13 16 -15 -16 -5 18 19 -18 21 24 -23 -24 25 -20 -21 28 -3 -30
right_child=1 2 10 4 -6 -7 -8 8 -10 -11 11 -13 -14 14 15 -17 17 -19 20 26 -22 22 23 -25 -26 -27 -28 -29 29 -31
leaf_value=-0.051957828208063765 -0.011806057822765038 -0.017390067800085243 -0.01247688047578774 -0.039542557277911748 -0.013813005790884967 0.095590923282361434 0.085404623497670973 0.0067995688807984574 -0.0075939790763972746 0.11164417473470188 -0.0061769454673779988 0.014802030097029637 -0.023388135151053827 0.078828691145257507 -0.032535982448870356 0.028558600945116322 -0.018431782173615626 -0.016328532226887592 -0.0095678684114581039 0.086438001962657718 0.1190109520288007 -0.0086628280294997907 0.071507583285889617 0.023651736965286174 0.13043079600652038 0.086261833780542474 0.013546871171949075 0.034925140512796472 0.039493632917503962 -0.0070843680620304508
leaf_weight=46.018864773213863 303.40464001893997 65.026692278683186 143.92799769341946 5.5194126069545737 25.296059884130955 10.714870691299437 7.874303199350833 7.8941874951124209 16.516181953251362 6.224875345826149 133.22449415177107 130.26677447557449 13.806971579790114 5.8893115967512122 30.917279213666916 23.240454725921154 23.643409498035908 10.881276614964007 7.4023184925317826 6.9751797094941166 5.9216476529836646 16.563687957823277 19.215213589370251 41.262160770595074 5.8357573226094237 12.115923143923281 10.674851045012472 16.2751210257411 21.927855834364891 31.011449567973614
leaf_count=852 3685 717 1721 55 253 94 64 82 178 60 1483 1247 151 57 305 213 237 97 71 68 50 159 162 377 51 103 105 156 227 357
internal_value=-0.000205273 0.0018488 0.00618163 0.0138588 0.0201196 0.0234408 0.0203203 -0.00885759 0.0203434 0.0530239 -0.00169477 0.0041948 0.0181837 0.0207227 0.00203237 -0.00631875 0.0274832 0.0297882 0.0331423 0.00754941 0.0428991 0.0384974 0.0286401 0.0388568 0.0684499 0.0499183 0.042353 0.000625043 -0.00410715 0.0122086
internal_weight=1205.47 1159.45 825.41 417.991 283.75 258.454 247.739 334.04 30.6352 14.1191 407.419 263.491 239.865 226.058 60.047 54.1577 166.011 160.491 149.61 41.2934 108.317 102.395 77.0411 60.4774 25.354 19.5182 17.65 134.241 117.966 52.9393
internal_count=13437 12585 8580 4129 2672 2419 2325 4005 320 142 4451 2730 2261 2110 575 518 1535 1480 1383 410 973 923 698 539 225 174 173 1457 1301 584
is_linear=0
shrinkage=0.05


Tree=14
num_leaves=31
num_cat=0
split_feature=18 13 7 20 18 3 15 37 12 18 38 6 32 3 39 1 27 21 4 18 21 37 38 3 4 37 6 4 5 13
split_gain=48.4603 19.4066 17.7026 12.523 10.3587 9.9384 10.8786 9.89583 9.41744 10.3623 9.35593 10.2796 9.13328 9.12592 8.42259 11.906 10.0549 10.1804 12.5065 24.2751 13.4395 24.7268 11.2461 13.4862 10.5268 13.8402 16.8782 8.37952 11.3674 8.20434
threshold=0.0015417750153270671 0.059910741667274912 2.5000000000000004 -0.0065972326252397278 0.0065637538387202732 0.009244172904471536 0.11731906509583222 0.16278095164117098 0.87111385700328803 0.0039324042942602468 0.13683126665531389 21.500000000000004 4.5000000000000009 0.0019623709147922395 1.0000000180025095e-35 0.0045598627485343678 0.42200131114469741 0.00037008814321688987 6.9164285714285025 0.0032376935926226712 0.0019016820702249741 0.19359781722634253 0.20255533627461184 0.0043125488490714002 11.133928571428621 0.1149164384644724 3.5000000000000004 14.452857142857139 0.0046957975124000632 0.70709603604566196
decision_type=2 2 2 2 2 2 2 2 2 2 2 2 2 2 2 2 2 2 2 2 2 2 2 2 2 2 2 2 2 2
left_child=-1 4 3 5 -2 -3 -7 -6 27 -10 -5 13 -13 -12 16 -16 17 24 -19 -20 21 -21 23 -22 25 -15 -27 28 -4 -11
right_child=1 2 8 10 7 6 -8 -9 9 29 11 12 -14 14 15 -17 -18 18 19 20 22 -23 -24 -25 -26 26 -28 -29 -30 -31
leaf_value=-0.051752419894356499 -0.011327041557959413 -0.021260261351337295 -0.0089512196263772832 -0.017097064157237565 0.071600676442421504 -0.015046484921473627 0.060623217281608258 0.0038696894449446236 -0.005897783036083664 0.009690046714278271 -0.020721370848714414 -0.038125702451808297 0.043969758694925469 -0.0030129713797648842 0.0059764480935191461 0.033375954988396538 -0.016928412949901241 0.10368738518721317 -0.043549778563319347 0.025211422864559282 0.023095817696534883 0.14751721427742606 0.0030624966388391197 0.10811134774754046 -0.026630094384593635 0.12745698804337599 0.031755586301110375 -0.034012862725069724 0.065954583670103303 0.050861762123823706
leaf_weight=43.943868689239025 300.49952163547277 42.569645829498768 104.036680534482 19.529994420707226 6.9412322789430645 9.642625495791437 9.3605494648218137 24.175333626568317 132.57106955349445 118.23219618946314 12.858517706394194 13.802961841225626 4.4899153783917418 18.531968183815479 118.2304372638464 59.651943489909172 9.7879351675510389 8.9821046963334066 7.5180880054831496 7.8414377719163921 10.561466351151468 8.7369450107216817 15.367472372949122 8.3550921827554685 10.003425367176531 5.952524401247504 20.383465342223644 33.11480774730444 5.324074760079383 13.479526139795778
leaf_count=852 3685 499 1262 197 62 97 92 258 1483 1143 144 150 49 179 1188 502 88 80 72 69 98 73 126 67 99 55 205 402 57 104
internal_value=-0.000212526 0.00173904 0.00582862 0.013001 -0.00848337 -0.00783889 0.0222268 0.0189786 -0.00161532 0.00397072 0.0165596 0.0184869 -0.0179757 0.0205534 0.022266 0.0151647 0.031834 0.0357387 0.048762 0.0403114 0.0527071 0.0896676 0.0348346 0.0606456 0.0197508 0.0300915 0.0533862 -0.0119771 -0.00530454 0.0139036
internal_weight=1204.48 1160.53 828.917 422.159 331.616 61.5728 19.0032 31.1166 406.758 264.283 360.586 341.056 18.2929 322.763 309.904 177.882 132.022 122.234 67.3626 58.3805 50.8624 16.5784 34.284 18.9166 54.8714 44.868 26.336 142.476 109.361 131.712
internal_count=13437 12585 8580 4129 4005 688 189 320 4451 2730 3441 3244 199 3045 2901 1690 1211 1123 585 505 433 142 291 165 538 439 260 1721 1319 1247
is_linear=0
shrinkage=0.05


Tree=15
num_leaves=31
num_cat=0
split_feature=18 13 7 20 18 5 39 5 6 7 36 11 37 18 38 6 16 1 2 3 37 16 5 3 16 38 5 35 38 32
split_gain=45.8263 17.5008 15.7218 11.1101 9.34899 9.07715 8.89103 11.9498 8.42602 21.8762 12.2547 8.57238 11.9247 8.93407 8.32196 9.13689 8.37896 10.3325 9.24006 9.09414 9.56082 10.1074 9.4507 9.42592 9.24227 10.6201 9.28054 12.9123 16.3772 8.32632
threshold=0.0015417750153270671 0.059910741667274912 2.5000000000000004 -0.0065972326252397278 0.0065637538387202732 0.007150544693816146 1.0000000180025095e-35 0.0052552201745046786 21.500000000000004 5.5000000000000009 0.38953461820355101 -0.056346197352850701 0.6400601291231679 0.0040441046888274141 0.13683126665531389 21.500000000000004 0.39150818082143329 -0.00026367671467216369 -0.0061924180213376893 0.0019623709147922395 0.62697122059877142 0.12200696333822582 0.0038815820080650991 0.0030778463824066809 0.24471522359329997 0.17541452360989371 0.0019824138164490717 0.030734571807727411 0.20831156145360508 4.5000000000000009
decision_type=2 2 2 2 2 2 2 2 2 2 2 2 2 2 2 2 2 2 2 2 2 2 2 2 2 2 2 2 2 2
left_child=-1 4 3 5 -2 -3 7 -6 11 -10 -11 12 -4 -14 -5 16 19 18 -18 -16 21 23 -22 -21 -23 -26 -27 28 -28 -17
right_child=1 2 8 14 6 -7 -8 -9 9 10 -12 -13 13 -15 15 29 17 -19 -20 20 22 24 -24 -25 25 26 27 -29 -30 -31
leaf_value=-0.051552837629729203 -0.010863350179559734 -0.013486010084222275 -0.0030464807482913654 -0.016452867965223057 0.0045326856033481612 0.054599037308019675 -0.0075777533383454727 0.093957506887549211 -0.018128073821587615 0.12129847160963114 0.027872427771445552 0.0027901319330645943 -0.0041567872605535695 -0.048400191921314728 -0.041167234312957574 -0.03734982642934527 0.063772189949090466 0.048935461262022112 -0.00036855342444362552 -0.00047363560788577842 -0.020220544295699017 -0.0027386712663615437 0.016260904870929394 0.046290257158724583 -0.02517936905582556 -0.0012010594611989219 0.094668315895535968 0.094582345759608222 -0.0070465368010775688 0.040330242068422624
leaf_weight=41.958457365632057 297.73197020590305 55.806123279035091 106.14190727472305 19.286278396844864 8.1426018774509448 5.3660957142710677 16.510200783610344 6.9027418792247763 14.845878385007381 6.2176208347082147 8.0600960925221425 220.97353841364384 17.688921347260475 32.145494565367699 7.0873402804136267 13.39564009010792 7.0498372092843047 45.458474442362785 27.587397903203964 13.306866005063055 30.172259353101254 49.256684347987175 43.127524115145206 56.648128226399422 7.8240833282470694 10.764658339321612 5.9096634685993257 11.434052243828772 11.979393020272253 4.646103009581565
leaf_count=852 3685 636 1249 197 82 52 178 60 180 70 72 2242 216 422 84 150 69 412 277 131 305 454 394 476 75 104 54 96 114 49
internal_value=-0.000218075 0.00163641 0.00549718 0.0122061 -0.00812058 -0.00751351 0.017758 0.0455604 -0.00154277 0.0243691 0.0685573 -0.00354475 -0.0125194 -0.0326958 0.0155117 0.0172952 0.0192029 0.0332596 0.0126862 0.0146541 0.0162997 0.022903 0.00124411 0.0373948 0.0124698 0.0281051 0.0385049 0.0530811 0.026555 -0.0173457
internal_weight=1203.43 1161.47 832.18 426.107 329.288 61.1722 31.5555 15.0453 406.073 29.1236 14.2777 376.95 155.976 49.8344 364.934 345.648 327.606 80.0957 34.6372 247.511 240.423 167.124 73.2998 69.955 97.1685 47.9119 40.0878 29.3231 17.8891 18.0417
internal_count=13437 12585 8580 4129 4005 688 320 142 4451 322 142 4129 1887 638 3441 3244 3045 758 346 2287 2203 1504 699 607 897 443 368 264 168 199
is_linear=0
shrinkage=0.05


Tree=16
num_leaves=31
num_cat=0
split_feature=4 13 4 2 16 2 7 13 21 23 3 3 15 37 5 28 21 2 5 23 5 32 9 21 3 5 12 37 21 16
split_gain=37.9065 15.9915 12.2776 11.9788 12.589 12.4453 10.8394 9.53709 9.39892 9.07426 9.74123 8.92963 9.05371 8.8465 8.61337 8.62278 8.41562 7.77965 7.7486 8.69588 7.52777 7.48702 8.30078 9.85671 9.19777 9.05939 8.46927 7.35065 7.01009 6.99254
threshold=5.148571428571473 0.05130747452492198 5.6285714285714752 -0.00025472391734383245 0.14070574109490205 0.0021939756890792593 2.5000000000000004 0.70709603604566196 -0.0021156388482303236 -0.00065539943989394568 0.0020812081698741761 0.009244172904471536 0.11731906509583222 0.015486886383436692 0.00088530558409934503 0.20305087782450551 0.0020784275621064836 -0.0025614487736218198 0.0069774352258276931 0.002102876885925651 0.0068861725489676633 2.5000000000000004 1.0000000180025095e-35 -0.00025823170665656745 0.0028071500147283531 0.0052552201745046786 0.63174532481501677 0.14114449863497949 0.0050704897222719481 0.25775032415101612
decision_type=2 2 2 2 2 2 2 2 2 2 2 2 2 2 2 2 2 2 2 2 2 2 2 2 2 2 2 2 2 2
left_child=14 13 3 27 -5 -6 9 20 -9 11 -11 -4 -13 17 -1 -16 -10 -2 19 29 -8 22 25 24 -24 -15 -25 -3 -23 -12
right_child=1 2 6 4 5 -7 7 8 16 10 18 12 -14 21 15 -17 -18 -19 -20 -21 -22 28 23 26 -26 -27 -28 -29 -30 -31
leaf_value=-0.048140775853647531 0.062015832243707714 0.050841050009927072 -0.020538355037797915 0.010483804336923426 0.15899091429908246 0.04611378224650569 -0.0015001813430771931 0.077326199453139344 -0.033643537125696114 -0.020700755998011272 0.009022569469629314 -0.014325264006028047 0.054053712812350087 -0.016585495595901469 -0.021575081326795514 0.05177055546466313 0.049745128166442748 0.0024239551519851478 -0.017324308640922513 0.064101091016031203 -0.034319842061480942 -0.022637394727923851 -0.047378781228640143 0.083932208259869967 0.040435816792149804 0.058419498814295645 0.004609702369181662 -0.028947467880566832 0.040156654060424291 0.023697146982389859
leaf_weight=32.543852541595697 7.2298940941691425 4.6685197502374667 41.90062565356493 6.0077375173568717 4.8764252960681898 4.8913345262408257 331.96574168652296 7.3511394783854511 6.4143854975700361 20.079494662582874 186.45911475270987 9.5012058094143885 9.8691723272204381 56.004277497529984 91.450061481446028 4.1908110417425624 5.7269520685076714 22.586511328816414 17.531567364931107 9.4321660026907903 18.442462898790836 116.90136390179396 7.0468297228217143 8.189997270703314 5.1692444384098053 4.3376709818840018 5.7119661644101134 7.5626281797885895 4.6201990619301787 143.77435956150293
leaf_count=671 87 50 505 66 54 53 3638 62 62 231 1719 97 92 693 1299 49 38 279 176 64 203 1424 94 83 54 44 57 88 45 1360
internal_value=-0.000221863 0.00284476 0.00609746 0.0386438 0.0674368 0.102466 0.00496998 -0.00133395 0.032706 0.0102871 0.0131856 -0.00756005 0.0205137 -0.00859663 -0.0259217 -0.0183612 0.00569009 0.0168738 0.0150905 0.0167635 -0.00322752 -0.0122481 -0.00100123 0.0225472 -0.0102199 -0.0111938 0.0513406 0.0015071 -0.02025 0.0154115
internal_weight=1202.44 1074.25 836.455 28.0066 15.7755 9.76776 808.448 369.901 19.4925 438.548 377.277 61.271 19.3704 237.798 128.185 95.6409 12.1413 29.8164 357.197 339.666 350.408 207.982 86.46 26.118 12.2161 60.3419 13.902 12.2311 121.522 330.233
internal_count=13437 11418 8558 311 173 107 8247 4003 162 4244 3550 694 189 2860 2019 1348 100 366 3319 3143 3841 2494 1025 288 148 737 140 138 1469 3079
is_linear=0
shrinkage=0.05


end of trees

feature_importances:
atr_percentile=45
volatility_lookback=44
trend_strength=44
stop_distance=39
hour_of_day=35
range_1=28
range_compression=28
log_return_3=25
atr_proxy=24
volume_percentile=22
day_of_week=19
volume_zscore=15
lower_wick_ratio=15
relative_volume=13
log_return_6=12
dist_ema_slow=12
fvg_age_candles=11
atr_normalized_range=10
log_return_1=9
session_london=9
upper_wick_ratio=8
ema_slow_slope=8
high_volatility_flag=8
dist_ema_fast=6
rejection_volume_confirmation=6
body_ratio=4
session_newyork=2
sweep_volume_zscore=2
breakout_volume_confirmation=2
session_asia=1
sweep_rejection_ratio=1
fvg_size_atr=1
volume_block_strength=1
market_regime=1

parameters:
[boosting: gbdt]
[objective: binary]
[metric: binary_logloss]
[tree_learner: serial]
[device_type: cpu]
[data_sample_strategy: bagging]
[data: ]
[valid: ]
[num_iterations: 500]
[learning_rate: 0.05]
[num_leaves: 31]
[num_threads: 2]
[seed: 42]
[deterministic: 0]
[force_col_wise: 0]
[force_row_wise: 0]
[histogram_pool_size: -1]
[max_depth: -1]
[min_data_in_leaf: 50]
[min_sum_hessian_in_leaf: 0.001]
[bagging_fraction: 0.9]
[pos_bagging_fraction: 1]
[neg_bagging_fraction: 1]
[bagging_freq: 0]
[bagging_seed: 400]
[bagging_by_query: 0]
[feature_fraction: 0.9]
[feature_fraction_bynode: 1]
[feature_fraction_seed: 30056]
[extra_trees: 0]
[extra_seed: 12879]
[early_stopping_round: 0]
[early_stopping_min_delta: 0]
[first_metric_only: 0]
[max_delta_step: 0]
[lambda_l1: 0]
[lambda_l2: 0]
[linear_lambda: 0]
[min_gain_to_split: 0]
[drop_rate: 0.1]
[max_drop: 50]
[skip_drop: 0.5]
[xgboost_dart_mode: 0]
[uniform_drop: 0]
[drop_seed: 17869]
[top_rate: 0.2]
[other_rate: 0.1]
[min_data_per_group: 100]
[max_cat_threshold: 32]
[cat_l2: 10]
[cat_smooth: 10]
[max_cat_to_onehot: 4]
[top_k: 20]
[monotone_constraints: ]
[monotone_constraints_method: basic]
[monotone_penalty: 0]
[feature_contri: ]
[forcedsplits_filename: ]
[refit_decay_rate: 0.9]
[cegb_tradeoff: 1]
[cegb_penalty_split: 0]
[cegb_penalty_feature_lazy: ]
[cegb_penalty_feature_coupled: ]
[path_smooth: 0]
[interaction_constraints: ]
[verbosity: 1]
[saved_feature_importance_type: 0]
[use_quantized_grad: 0]
[num_grad_quant_bins: 4]
[quant_train_renew_leaf: 0]
[stochastic_rounding: 1]
[linear_tree: 0]
[max_bin: 255]
[max_bin_by_feature: ]
[min_data_in_bin: 3]
[bin_construct_sample_cnt: 200000]
[data_random_seed: 175]
[is_enable_sparse: 1]
[enable_bundle: 1]
[use_missing: 1]
[zero_as_missing: 0]
[feature_pre_filter: 1]
[pre_partition: 0]
[two_round: 0]
[header: 0]
[label_column: ]
[weight_column: ]
[group_column: ]
[ignore_column: ]
[categorical_feature: ]
[forcedbins_filename: ]
[precise_float_parser: 0]
[parser_config_file: ]
[objective_seed: 16083]
[num_class: 1]
[is_unbalance: 0]
[scale_pos_weight: 1]
[sigmoid: 1]
[boost_from_average: 1]
[reg_sqrt: 0]
[alpha: 0.9]
[fair_c: 1]
[poisson_max_delta_step: 0.7]
[tweedie_variance_power: 1.5]
[lambdarank_truncation_level: 30]
[lambdarank_norm: 1]
[label_gain: ]
[lambdarank_position_bias_regularization: 0]
[eval_at: ]
[multi_error_top_k: 1]
[auc_mu_weights: ]
[num_machines: 1]
[local_listen_port: 12400]
[time_out: 120]
[machine_list_filename: ]
[machines: ]
[gpu_platform_id: -1]
[gpu_device_id: -1]
[gpu_device_id_list: ]
[gpu_use_dp: 0]
[num_gpu: 1]

end of parameters

pandas_categorical:[]
