tree
version=v4
num_class=1
num_tree_per_iteration=1
label_index=0
max_feature_idx=56
objective=binary sigmoid:1
feature_names=log_return_1 log_return_3 log_return_6 range_1 atr_proxy volatility_lookback hour_of_day day_of_week session_asia session_london session_newyork volume_zscore relative_volume volume_percentile body_ratio upper_wick_ratio lower_wick_ratio atr_normalized_range stop_distance dist_ema_fast dist_ema_slow trend_strength trend_direction ema_slow_slope sweep_high_detected sweep_low_detected sweep_depth_atr sweep_rejection_ratio sweep_volume_zscore bullish_fvg_present bearish_fvg_present fvg_size_atr fvg_age_candles price_inside_fvg breakout_volume_confirmation rejection_volume_confirmation volume_block_strength atr_percentile range_compression high_volatility_flag market_regime funding_rate funding_rate_abs funding_rate_mean_4 funding_rate_std_4 mark_basis mark_premium mark_premium_mean_4 futures_pressure btc_return_1 btc_return_3 btc_trend btc_volume_block sol_return_1 sol_return_3 sol_trend sol_volume_block
feature_infos=[-0.033159034716756866:0.056874486908954934] [-0.075866222961239196:0.058901978424821803] [-0.066284904616211587:0.083560183621596548] [0.00026759317205804652:0.070302839733320993] [0:54.415714285714266] [0:0.016102016398767564] [0:23] [0:6] [0:1] [0:1] [0:1] [-2.4726125759682409:4.2442528029030218] [0.046316104648940773:750.58884999999998] [0:1] [0:1] [0:0.97382198952893662] [0:0.96788990825701182] [0:9.0557051497812981] [0:0.025180382925538848] [-0.04910252182951564:0.045240554357550998] [-0.064090814492483286:0.051013847001184907] [-0.026590642625185058:0.018718851314940645] [-1:1] [-0.0060230587107409977:0.0053756155282118859] [0:1] [0:1] [0:2.9495996231747452] [0:0.97382198952893662] [-1.3400329414026244:8.4885056058060435] [0:1] [0:1] [0:5.4713603818616452] [0:999] [-1:1] [0:4.2442528029030218] [0:4.1052670073045361] [0:4.4553227398709785] [0:1] [0:0.4860627177700837] [0:1] [-1:1] [-0.00020824:0.0001] [0:0.00020824] [-0.00020824:0.0001] [0:0.00013602949692376773] [-0.0014434131686276691:0.00091917768591197118] [-0.0014434131686276691:0.00091917768591197118] [-0.00097066811566140542:0] [-0.0015067970544284765:0.00081917768591197114] [-0.042987859726516954:0.034681446642307004] [-0.066498243478271851:0.052595133325355273] [-1:1] [0:4.3559803852000476] [-0.079245424771289902:0.052676153475590584] [-0.10208175498977012:0.072340264490005357] [-1:1] [0:4.4534558454569444]
tree_sizes=3387 3468 3447 3476 3471 3436 3472 3469 3484 3460 3495 3486 3476 3497 3491 3475 3478 3477 3499 3488

Tree=0
num_leaves=31
num_cat=0
split_feature=18 19 38 52 37 3 38 21 15 18 43 54 3 16 45 6 17 41 43 51 17 37 49 42 41 41 13 7 41 37
split_gain=145.508 47.3251 28.4055 34.0533 27.5187 28.6346 26.7066 23.9723 22.1001 21.9142 21.5814 41.2211 20.6962 19.1214 18.5151 18.4758 18.6481 17.8687 28.6426 19.0264 19.5382 22.6482 16.9689 16.9407 19.092 26.2567 18.3411 16.463 16.1166 15.8114
threshold=0.0023396713427052572 -0.00020487137419472826 0.23558408386717644 0.7305594976321651 0.34873367055131638 0.010259723532189699 0.25532047108189709 0.0012006486806905485 0.33187134502924481 0.0015815249472308482 6.5602500000000008e-05 -0.0055708105601778865 0.003723372011384723 0.27388546634869682 -0.0002588848789174015 19.500000000000004 1.1337409554960953 4.6985000000000005e-05 4.0513750000000015e-05 1.0000000180025095e-35 1.0232240209568821 0.31055169482835426 -0.0022264643034389238 4.0900000000000007e-06 -2.8114999999999994e-05 -3.5949999999999993e-05 0.054811260310604258 4.5000000000000009 6.1965000000000021e-05 0.47711025579292526
decision_type=2 2 2 2 2 2 2 2 2 2 2 2 2 2 2 2 2 2 2 2 2 2 2 2 2 2 2 2 2 2
left_child=9 2 3 27 6 14 -3 10 -5 -1 15 -12 28 -14 -6 17 -17 18 19 23 21 -21 -22 -4 25 26 -25 -2 -8 -26
right_child=1 4 7 8 5 -7 12 -9 -10 -11 11 -13 13 -15 -16 16 -18 -19 -20 20 22 -23 -24 24 29 -27 -28 -29 -30 -31
leaf_value=-2.1551316564688512 -2.1048417131943498 -2.100742691962775 -1.9842798307264748 -2.0714089055659288 -2.1213033410010325 -2.0694856885853761 -2.0721009498534966 -2.115597039597557 -1.9958038689829618 -2.123472002710046 -1.8886801768247039 -2.0487745101767647 -2.0649480985218842 -1.9842798307264748 -2.0332569933165447 -2.1312113184966845 -2.0292424717927684 -2.1048390001789548 -1.936663144875018 -1.919418182972058 -2.0033265050670575 -2.0407476181832616 -2.1245326145071295 -1.9949935850430527 -2.1236837001219464 -1.9439456968287703 -2.0936785682706258 -2.0741708425533716 -2.1415459491349562 -2.0428135128463145
leaf_weight=87.990475185215473 202.52393349260092 201.06552782654762 5.2502603977918616 58.725134819746017 236.94230721145868 33.057195097208023 39.474180027842522 21.195495679974556 11.570018284022806 144.28493389487267 5.0558063089847591 19.639862969517708 19.834317058324817 11.667245328426359 6.1253037974238387 18.375911392271522 5.9308497086167327 17.695322081446648 5.2502603977918616 7.1948012858629253 5.2502603977918625 8.264298774302004 6.4169849306344968 6.2225308418273988 24.987350411713123 4.9585792645812026 19.348181836307049 55.808323487639427 10.597747839987276 7.9726176410913459
leaf_count=905 2083 2068 54 604 2437 340 406 218 119 1484 52 202 204 120 63 189 61 182 54 74 54 85 66 64 257 51 199 574 109 82
internal_value=-2.09957 -2.09183 -2.08094 -2.08982 -2.10192 -2.11315 -2.09095 -2.06549 -2.05896 -2.13547 -2.05916 -2.016 -2.06682 -2.03507 -2.11908 -2.06661 -2.10633 -2.05849 -2.05038 -2.0566 -2.02114 -1.98428 -2.06999 -2.0706 -2.07773 -2.04924 -2.06966 -2.09822 -2.0868 -2.10412
internal_weight=1308.68 1076.4 517.637 328.627 558.764 276.125 282.639 189.009 70.2952 232.275 167.814 24.6957 81.5735 31.5016 243.068 143.118 24.3068 118.811 101.116 95.8659 27.1263 15.4591 11.6672 68.7395 63.4893 30.5293 25.5707 258.332 50.0719 32.96
internal_count=13460 11071 5324 3380 5747 2840 2907 1944 723 2389 1726 254 839 324 2500 1472 250 1222 1040 986 279 159 120 707 653 314 263 2657 515 339
is_linear=0
shrinkage=1


Tree=1
num_leaves=31
num_cat=0
split_feature=18 19 37 3 52 38 38 18 7 16 9 54 42 42 42 18 45 6 6 43 19 37 21 48 4 21 21 38 4 15
split_gain=134.251 41.746 24.9673 25.9045 24.5366 32.5232 23.2691 21.71 20.983 19.2355 19.1278 28.209 20.5013 26.3044 17.2748 17.1774 16.3734 15.7828 15.2164 17.3827 19.0677 18.2567 18.8131 15.3041 14.8318 13.6656 23.3109 13.595 26.0786 13.5442
threshold=0.0023396713427052572 -0.00020487137419472826 0.34873367055131638 0.010259723532189699 0.034985304704227629 0.25411908057280796 0.25532047108189709 0.0015815249472308482 4.5000000000000009 0.091604862226433992 1.0000000180025095e-35 -0.001469674279043838 5.1575000000000007e-05 2.4435000000000002e-05 2.6100000000000004e-06 0.0051208334203596507 -0.0002588848789174015 5.5000000000000009 10.500000000000002 -4.5602499999999996e-05 -0.0041923301102173719 0.30764946861835668 -0.0024574663697158805 -0.00050592637017565572 7.518928571428563 -0.0057670371869854463 -0.003874486292891454 0.2106794109206547 10.587499999999947 0.36317942627140676
decision_type=2 2 2 2 2 2 2 2 2 2 2 2 2 2 2 2 2 2 2 2 2 2 2 2 2 2 2 2 2 2
left_child=7 4 6 16 5 8 -3 -1 14 27 12 -12 13 24 -2 -8 -4 -15 19 20 -11 22 -21 29 -7 -10 -27 -6 -29 -20
right_child=1 2 3 -5 9 10 15 -9 25 18 11 -13 -14 17 -16 -17 -18 -19 23 21 -22 -23 -24 -25 -26 26 -28 28 -30 -31
leaf_value=-0.055200752535576561 0.061203973485356659 -0.0011108491572163239 -0.021006361639746871 0.027904957693186135 0.029736951623946701 0.07834429468862511 0.021025657596184587 -0.023143354611065078 -0.027954465097953986 0.13449517398678124 0.010558371137261472 0.14838990301948365 -0.005322439505311468 0.025593582171040914 -0.011675076423109602 0.085782591427650601 0.059762126011690911 0.12371875725847369 0.042406060521361179 0.085590162362255418 0.011996257438440211 -0.033985646189833539 0.0010381945460185057 0.014409692889585587 -0.021609296970928692 0.14099767887916456 0.026290288417892729 0.1538774388632882 0.026983175495284003 0.10360188380871993
leaf_weight=84.225896000862122 8.5183466598391515 200.88195928931236 232.94096218794584 33.840951174497604 12.787175774574282 5.1954667717218426 71.76374389976263 141.60671192407608 8.8252236023545247 5.242143750190734 6.7198732048273078 8.2939409315586072 31.390457734465599 6.0993253067135837 178.84110215306282 11.94512005150318 6.448420599102973 12.488409318029879 46.075505077838898 8.4561565965413994 8.0623810365796071 26.917625047266483 29.63439936935902 41.008403398096561 12.992863945662974 5.0683458894491187 35.117712654173374 9.2712344974279421 7.188130557537078 11.249210879206656
leaf_count=905 87 2068 2437 340 129 52 722 1484 89 53 67 81 317 61 1840 117 63 124 462 85 82 272 298 413 132 51 354 92 71 112
internal_value=-3.09888e-05 0.00727986 -0.00224647 -0.0130423 0.0173932 0.00872031 0.00811837 -0.0350994 -0.000742272 0.0308538 0.0356098 0.0866994 0.0243572 0.0496905 -0.00836161 0.0302664 -0.0188307 0.0915202 0.0246353 0.00819125 0.0602623 -0.00246558 0.0198088 0.0377313 0.00694228 0.0283848 0.0407574 0.068413 0.0984602 0.0544149
internal_weight=1309.1 1083.26 557.821 273.23 525.443 319.551 284.591 225.833 236.371 205.892 83.1803 15.0138 68.1665 36.7761 187.359 83.7089 239.389 18.5877 176.646 78.3127 13.3045 65.0082 38.0906 98.3331 18.1883 49.0113 40.1861 29.2465 16.4594 57.3247
internal_count=13460 11071 5747 2840 5324 3255 2907 2389 2421 2069 834 148 686 369 1927 839 2500 185 1777 790 135 655 383 987 184 494 405 292 163 574
is_linear=0
shrinkage=0.05


Tree=2
num_leaves=31
num_cat=0
split_feature=4 6 7 6 38 6 7 37 37 2 42 38 2 5 7 37 31 54 42 45 54 5 45 37 32 41 45 41 5 5
split_gain=114.383 40.4415 41.0132 33.2468 36.1663 33.153 25.7502 36.4413 23.7345 20.4049 19.2651 18.8644 17.5855 19.2325 19.5426 17.3503 21.2191 18.5618 17.486 15.5256 15.4934 14.9118 14.5749 17.5467 13.978 13.4122 13.1868 12.993 17.7059 24.3664
threshold=5.3310714285714615 17.500000000000004 5.5000000000000009 11.500000000000002 0.27611627853205706 14.500000000000002 3.5000000000000004 0.72289845654765161 0.50645250235581751 -0.016492455732091293 3.1395000000000007e-05 0.33054910377287428 0.00023308809071321908 0.0051433950431161298 5.5000000000000009 0.26728060777064239 0.03022860740664721 -0.0019741384684589035 3.1995000000000001e-05 -0.0005127042169803046 -0.0029486839726315579 0.0010774152952904329 -0.0005408335537469604 0.25113459593486315 4.5000000000000009 3.9200000000000011e-05 -0.00062864840603079058 7.198500000000001e-05 0.0019635454324417718 0.0024764195846491001
decision_type=2 2 2 2 2 2 2 2 2 2 2 2 2 2 2 2 2 2 2 2 2 2 2 2 2 2 2 2 2 2
left_child=21 3 20 4 8 6 7 -5 9 -2 -9 15 13 14 25 16 17 -6 -19 -17 26 -1 23 -8 -20 -7 -3 28 -4 -30
right_child=1 2 27 5 11 12 22 10 -10 -11 -12 -13 -14 -15 -16 19 -18 18 24 -21 -22 -23 -24 -25 -26 -27 -28 -29 29 -31
leaf_value=-0.048402377946603327 0.090868607752933747 0.081244308829525019 -0.038711183971639473 0.046725705503816634 0.024646513480801692 -0.013745724988477299 0.12283292028914182 0.08118861805834543 -0.022507098781557742 0.003304809573543112 0.2137489679819102 -0.012414218272480321 -0.008583030616956585 0.074364086951530101 0.083029753267001058 0.079172460934885058 -0.0094776905122821633 0.15638481274901606 0.0269412506389285 -0.022797447357684474 -0.025274272748932659 -0.021490274804697014 -0.0075267960169078515 0.015293922638473206 0.11282048660569817 0.041555426049472072 -0.0029906957184913912 0.095489623299110149 0.14283184970754675 0.019124901355789564
leaf_weight=97.591725774109364 6.786483295261859 5.0873955935239783 8.6198095306754094 82.414640121161938 11.699382588267325 38.784236967563629 5.5758713036775616 5.8202982395887357 101.21605610847473 338.57591749727726 5.180300772190094 17.048139594495296 72.63347977399826 16.051392331719398 8.6007683351635915 5.1660078838467625 8.4900201633572561 9.145862318575384 8.9815633371472376 13.455929458141325 179.99201316386461 108.91868469119072 30.80406765639782 11.864173248410223 10.028696611523626 15.285009458661078 53.571054980158806 7.5725512802600852 5.0186307579278973 19.243962541222572
leaf_count=1082 67 51 89 822 115 392 55 59 1047 3454 51 170 753 159 85 52 83 87 88 137 1859 1153 314 119 97 150 548 76 50 196
internal_value=-5.71555e-05 0.00633849 -0.0101101 0.0119126 0.00444729 0.0254309 0.0428154 0.0581351 -0.00121473 0.00502547 0.143613 0.0345433 0.00915999 0.0255308 0.0130234 0.0464975 0.0622927 0.0775813 0.0995766 0.00549055 -0.0180015 -0.0342083 0.0131517 0.0496759 0.0722461 0.00188754 0.00431493 0.0364424 0.0228443 0.0447132
internal_weight=1309.22 1102.71 279.105 823.608 530.594 293.014 141.659 93.4152 446.578 345.362 11.0006 84.0156 151.355 78.7214 62.67 66.9675 48.3455 39.8555 28.1561 18.6219 238.65 206.51 48.2441 17.44 19.0103 54.0692 58.6585 40.455 32.8824 24.2626
internal_count=13460 11225 2869 8356 5397 2959 1420 932 4568 3521 110 829 1539 786 627 659 470 387 272 189 2458 2235 488 174 185 542 599 411 335 246
is_linear=0
shrinkage=0.05


Tree=3
num_leaves=31
num_cat=0
split_feature=18 52 50 38 19 45 18 37 39 5 43 42 41 55 56 37 43 37 37 43 4 41 15 5 6 32 1 12 32 51
split_gain=115.611 34.6865 26.6067 26.1196 30.444 23.989 21.3743 17.4652 18.672 15.7497 11.9826 30.6624 15.4161 13.2291 16.0806 11.9469 18.0688 25.3565 14.166 13.7975 14.1221 20.9832 13.9809 13.3395 12.6508 19.6574 11.4102 10.9602 11.671 10.5458
threshold=0.0023396713427052572 0.7305594976321651 0.00083090967936218468 0.25273465251218225 -0.0049269949740801218 -0.00043002542103829619 0.0015815249472308482 0.25651604567917863 1.0000000180025095e-35 0.0016202642439274162 -2.9704999999999998e-05 6.3285000000000015e-05 -2.0684999999999996e-05 1.0000000180025095e-35 0.72477145103920626 0.32231023319881963 -2.0661249999999998e-05 0.24876416491434131 0.27673453222661187 -2.8037499999999979e-06 7.518928571428563 2.8820000000000002e-05 0.17844160267523743 0.0022670086122956066 13.500000000000002 2.5000000000000004 -0.00083824243287400227 1.9877348428981734 5.5000000000000009 -1.0000000180025095e-35
decision_type=2 2 2 2 2 2 2 2 2 2 2 2 2 2 2 2 2 2 2 2 2 2 2 2 2 2 2 2 2 2
left_child=6 2 3 9 -5 10 -1 8 -4 -2 11 13 -12 14 -3 16 17 24 19 -18 21 -21 -22 -24 25 -6 -25 -14 -29 -10
right_child=1 5 7 4 15 -7 -8 -9 29 -11 12 -13 27 -15 -16 -17 18 -19 -20 20 22 -23 23 26 -26 -27 -28 28 -30 -31
leaf_value=-0.054594235617698897 -0.036333465532459051 0.16917471093489844 -0.001596804006878997 0.12008733071558167 0.0091429788195727581 -0.0010082746006266495 -0.021755582840699082 -0.017978899749677393 0.015591132098194647 0.0045227731585514427 -0.038743822824657541 0.0026449073713153051 0.043863840986181873 0.04007758743921528 0.073192464964943235 0.0036448057818000246 -0.047613945418206738 0.16414537531341269 -0.049188977755556917 0.13956505362296018 -0.029681366061364695 0.026526316285107539 -0.011775401730408606 0.030731790419830846 -0.0093561446717537692 0.13566642866341777 0.12589798011736661 -0.0027702013101759894 0.062028803145882466 0.098423313793478101
leaf_weight=77.675060845911503 25.254479169845581 7.7396237552166012 106.86775963008404 8.1780146211385709 6.0549235567450577 67.743226155638695 136.86071582883596 208.98513410240412 7.6237648203969002 357.51113913208246 8.4675760716199857 16.043431982398033 66.630257047712803 8.8001395910978335 10.004488267004488 59.232332497835159 5.5995888561010352 5.4314173161983481 6.9251720309257498 6.8594828546047237 11.114214017987253 10.22521625459194 7.8002170249819782 7.4337362423539153 7.4319408386945716 6.2270559966564178 5.4654124751687041 32.490028664469719 8.8393315002322179 7.7475287541747075
leaf_count=905 260 73 1075 75 57 679 1484 2185 75 3666 84 157 645 87 96 601 55 52 69 63 108 100 76 72 74 58 51 316 85 77
internal_value=-8.22949e-05 0.00649509 0.00194598 0.00882285 0.0262131 0.0239079 -0.0336452 -0.00919791 0.00581446 0.00182712 0.0345226 0.0572166 0.0262214 0.0901999 0.115058 0.0209476 0.0327867 0.0684886 0.0181711 0.0267307 0.0352442 0.0719112 0.0155531 0.0398411 0.0421341 0.0732913 0.071054 0.0313168 0.0110887 0.0573407
internal_weight=1309.26 1094.73 867.969 536.744 153.979 226.758 214.536 331.224 122.239 382.766 159.015 42.5877 116.427 26.5443 17.7441 145.801 86.5684 25.1453 61.423 54.4979 48.8983 17.0847 31.8136 20.6994 19.7139 12.282 12.8991 107.96 41.3294 15.3713
internal_count=13460 11071 8849 5437 1511 2222 2389 3412 1227 3926 1543 413 1130 256 169 1436 835 241 594 525 470 163 307 199 189 115 123 1046 401 152
is_linear=0
shrinkage=0.05


Tree=4
num_leaves=31
num_cat=0
split_feature=18 52 54 37 45 38 15 21 38 5 3 18 41 51 55 37 10 42 3 7 4 21 11 38 14 45 45 5 38 4
split_gain=108.348 37.8807 23.9443 26.4605 21.2379 20.0648 19.8523 16.8496 40.2087 16.2471 16.1152 14.5069 15.7035 16.4006 16.6235 16.2953 15.9889 15.9823 13.996 13.6417 25.8675 16.2165 15.4491 16.8897 13.5699 13.073 13.912 12.1359 20.2045 12.089
threshold=0.0019286406115204379 0.7305594976321651 -0.0047529765911380915 0.30764946861835668 -0.00048276403189207584 0.25669225261585832 0.33473734614975031 -0.0018748409808423004 0.2588105002471735 0.0015930254868681876 0.0032911216363727463 0.0024784389643195642 6.1965000000000021e-05 1.0000000180025095e-35 1.0000000180025095e-35 0.058141944452763279 1.0000000180025095e-35 4.9690000000000007e-05 0.0035505911290534273 5.5000000000000009 6.8121428571428826 -0.0057670371869854463 -0.79754997174967635 0.25949939302744768 0.39205036112421154 -0.00049647875520192092 -0.00051623329871142555 0.006967483508434646 0.13865348459574819 6.4485714285714275
decision_type=2 2 2 2 2 2 2 2 2 2 2 2 2 2 2 2 2 2 2 2 2 2 2 2 2 2 2 2 2 2
left_child=-1 2 7 5 6 9 10 8 -2 -4 -3 -7 13 14 29 -14 17 -15 -8 27 -21 -22 -23 -24 -19 26 -12 -5 -29 -13
right_child=1 4 3 19 -6 11 18 -9 -10 -11 25 12 15 16 -16 -17 -18 24 -20 20 21 22 23 -25 -26 -27 -28 28 -30 -31
leaf_value=-0.044958073599191468 0.026886866931684218 -0.033433436085306009 -0.028474416580610853 -0.019097899417066737 0.0066026833830240845 -0.010071420070225354 0.1230169121835617 0.0060708144735348649 0.16824080276610442 0.0036718128744388356 0.033791924051683561 0.06454253598281999 0.055984322860484992 0.10904364858941107 0.074471594316347728 -0.038851560410301716 -0.0057363550564998138 0.09472652644261792 0.05002034214065218 -0.033396527873978309 -0.048261845021423028 0.10753136695924866 0.00965253522470934 0.09385449163580914 -0.0056863126586757899 0.08833829654458053 -0.026268698610288462 0.10972345415225229 -0.0061467318700103293 -0.010568770544282766
leaf_weight=122.06885871291161 40.194776020944118 10.877672672271727 47.453137457370758 309.11674000322819 117.36891068518162 28.342003673315048 8.6235001161694509 74.4160465747118 5.7506506517529479 228.93146862089634 61.164647534489632 6.5656300112605086 6.6443892717361477 18.318807072937489 10.63941617310047 14.231070294976233 6.8381358310580245 5.9210739061236364 27.530148133635521 26.746925964951515 6.2820049524307242 6.7043572589755049 31.856599278748035 7.3248621597886077 7.7930020242929459 8.9598162621259672 11.44583836942911 4.829183496534827 17.028135664761066 29.100088879466057
leaf_count=1435 399 109 506 3252 1168 301 84 745 50 2346 576 60 63 165 99 142 65 54 255 287 64 66 324 74 73 86 109 51 177 275
internal_value=-0.000101964 0.00451096 -5.56535e-05 -0.00311008 0.0219818 0.00585832 0.0360176 0.0207705 0.0445791 -0.00184745 0.0237325 0.0217055 0.0301977 0.0397228 0.0196208 -0.00866652 0.0636694 0.0784856 0.0674318 -0.0120979 0.00658256 0.0270802 0.0373949 0.0253939 0.0376671 0.0313558 0.0243244 -0.016552 0.0194538 0.00325832
internal_weight=1309.07 1187 941.029 820.667 245.971 410.778 128.602 120.361 45.9454 276.385 92.448 134.394 106.052 85.1762 46.3051 20.8755 38.871 32.0329 36.1536 409.889 78.9147 52.1678 45.8858 39.1815 13.7141 81.5703 72.6105 330.974 21.8573 35.6657
internal_count=13460 12025 9638 8444 2387 4149 1219 1194 449 2852 880 1297 996 791 434 205 357 292 339 4295 815 528 464 398 127 771 685 3480 228 335
is_linear=0
shrinkage=0.05


Tree=5
num_leaves=31
num_cat=0
split_feature=18 6 7 6 6 37 19 7 37 16 41 5 37 47 5 49 7 18 5 4 21 6 6 7 38 38 4 18 4 54
split_gain=101.164 33.6171 33.7727 33.0056 30.0075 25.5515 21.0635 19.289 26.5137 17.3063 18.0645 15.7274 22.4028 46.1249 18.5947 15.4398 15.125 24.3796 15.2818 22.983 19.0019 24.6686 30.2856 17.1064 17.4641 18.1476 14.7787 29.6205 19.1887 14.4689
threshold=0.0019286406115204379 17.500000000000004 5.5000000000000009 11.500000000000002 14.500000000000002 0.4913847582635969 -0.004759801344266618 3.5000000000000004 0.72289845654765161 0.15074565761125605 9.1500000000000005e-06 0.0032041309187405575 0.63748268112011153 -0.00050529469994045563 0.0046278160799864678 -3.2248948932410379e-05 2.5000000000000004 0.0024951288909743998 0.0024883499728584569 10.142857142857144 -0.0022843596109300745 5.5000000000000009 8.5000000000000018 5.5000000000000009 0.22954230235783477 0.32264479588760214 17.322499999999987 0.0077744276914891953 26.004999999999992 0.0032295713268247028
decision_type=2 2 2 2 2 2 2 2 2 2 2 2 2 2 2 2 2 2 2 2 2 2 2 2 2 2 2 2 2 2
left_child=-1 3 -3 5 7 6 9 8 -5 -2 -11 -6 13 14 -13 -10 -8 -18 23 -20 -21 -22 -23 24 -19 29 -14 -28 -29 -26
right_child=1 2 -4 4 11 -7 16 -9 15 10 -12 12 26 -15 -16 -17 17 18 19 20 21 22 -24 -25 25 -27 27 28 -30 -31
leaf_value=-0.044347281077239419 0.098257329306259938 -0.017764983581660027 0.02813915365007771 0.041009721480122135 -0.0094525952445556147 -0.018757823230665542 -0.0057438678498555659 0.013899126540364634 0.169545822173399 0.073717249447842137 -0.016058437329806972 0.068086897767666313 -0.026824736993316202 0.14277679439658661 -0.049860040589444932 0.057744186673542655 -0.022204165610467837 0.006229742705463487 -0.023903512306606083 -0.030315887794376446 0.0094961322287138248 0.19694739006659676 0.040258184940447722 0.10028474649885788 0.068729675672342519 -0.038696511743742175 0.10589315911350056 -0.024718244896579949 0.071029818769045197 -0.014770477542391532
leaf_weight=117.67448192089796 10.600101359188555 248.27181139588356 47.779501564800739 88.803366228938103 76.956491000950336 118.12489856779575 199.5886704325676 55.408902436494827 6.8156133741140366 9.5588890984654444 13.541079245507715 5.9895593449473399 22.168567650020123 10.270887374877928 7.558615505695343 5.6463107392191869 40.240845263004303 51.261541955173016 38.266328252851963 9.5282989218831045 15.901556000113489 5.1219314113259298 7.7503041625022888 8.5968655645847303 39.709015600383282 5.4515383392572394 8.6231362894177419 20.515850566327575 7.0242805927991858 5.9676820337772361
leaf_count=1435 96 2602 469 837 789 1242 2015 552 59 89 131 56 229 99 75 51 437 524 376 94 157 49 77 83 370 51 86 206 66 58
internal_value=-0.000120745 0.00424882 -0.0103565 0.00908008 0.0220841 0.00199035 0.00730581 0.0376165 0.0505939 0.0453632 0.0210912 0.00678929 0.0220042 0.0628649 0.00228353 0.11889 0.00430491 0.0131094 0.0206861 0.00350287 0.0308837 0.0511496 0.102606 0.0325406 0.0268526 0.0475293 0.00531927 0.025024 -0.00029711 0.0578203
internal_weight=1308.72 1191.04 296.051 894.991 315.782 579.21 461.085 156.674 101.265 33.7001 23.1 159.107 82.1509 23.8191 13.5482 12.4619 427.385 227.796 187.555 76.5684 38.3021 28.7738 12.8722 110.987 102.39 51.1282 58.3318 36.1633 27.5401 45.6767
internal_count=13460 12025 3071 8954 3105 5849 4607 1499 947 316 220 1606 817 230 131 110 4291 2276 1839 753 377 283 126 1086 1003 479 587 358 272 428
is_linear=0
shrinkage=0.05


Tree=6
num_leaves=31
num_cat=0
split_feature=18 52 6 7 18 6 38 2 45 43 38 18 16 41 53 37 38 21 0 47 56 47 38 23 15 1 14 14 12 50
split_gain=94.4385 30.3107 23.3385 23.5725 18.35 19.4179 19.6811 19.5198 18.3293 15.9063 14.7494 14.4536 15.9422 14.4299 13.5127 13.061 19.7207 14.3131 12.7426 12.6305 13.377 16.6775 12.2582 13.2402 11.7034 18.9203 14.7349 11.5002 20.6308 10.3686
threshold=0.0019286406115204379 0.7305594976321651 17.500000000000004 5.5000000000000009 0.0024784389643195642 4.5000000000000009 0.16768491956461959 -0.00063574266953855634 -0.00042583426937644616 4.2437500000000002e-05 0.25273465251218225 0.0029067474275673408 0.20126991802521926 8.3350000000000007e-05 0.00048186967057564726 0.059847674811425618 0.2167782045234776 -0.008100368899933777 0.00025213798530659943 -0.00053567287624369973 0.82193852994493388 -0.00048087905147956261 0.2995831145637084 -6.0529348780626406e-05 0.3955067152387674 0.0025008828969546545 0.099999999999918071 0.69636023963940386 0.61221581834825656 -0.0024564757799738143
decision_type=2 2 2 2 2 2 2 2 2 2 2 2 2 2 2 2 2 2 2 2 2 2 2 2 2 2 2 2 2 2
left_child=-1 2 4 15 -2 6 -6 10 24 19 27 -12 14 18 -13 16 -4 -17 -5 -9 -21 -22 -8 -24 -3 26 -26 -7 -29 -30
right_child=1 8 3 13 5 7 22 9 -10 -11 11 12 -14 -15 -16 17 -18 -19 -20 20 21 -23 23 -25 25 -27 -28 28 29 -31
leaf_value=-0.043737039124771691 -0.018022457605003442 0.020859243927374024 0.10024779457057489 -0.01936663327874525 -0.040708576853071637 0.01003714671408964 -0.0036397044435695566 -0.011278020520664761 -0.0025236202206947549 -0.017927669976229875 0.10199058800184178 0.10725734956925437 0.013330062393312329 0.093803039635616023 0.014930363301521449 0.054067983198367087 -0.0090646066000537769 -0.025032004406739181 0.047094652512088449 0.01459390247960541 0.13897474611058741 0.022262345019871267 0.084094222481191194 0.0020073059595137549 0.13895231021271787 0.0039963225382393759 0.054076714893916883 0.11402284776256298 0.062796023480164276 -0.018792811533297503
leaf_weight=113.4579002186656 78.26639424264431 142.90771372616291 5.4446957111358669 16.167427517473701 33.052710153162479 119.55150394141674 132.72231014817953 42.17537559568882 69.523405462503433 62.77486277371645 9.7055483683943731 10.884933881461622 30.442569091916084 6.2847778797149649 6.2319122701883307 5.8891559019684783 17.034595042467117 197.96820921450853 13.020175181329249 97.253252692520618 5.1109291985630989 7.630643777549265 8.8327724635601061 11.067500069737433 6.8545326963067081 13.997200310230253 20.132585719227791 7.9189994484186199 6.6962265446782157 9.3053065687417948
leaf_count=1435 855 1324 58 161 354 1190 1341 427 691 647 86 94 282 57 58 60 179 2123 128 985 50 77 81 108 59 135 178 79 65 93
internal_value=-0.000142813 0.00399672 -0.00013503 -0.0128189 0.00475115 0.00771513 -0.00572827 0.01372 0.0193461 0.00324924 0.0249318 0.0463846 0.0350369 0.0250788 0.0736429 -0.0187584 0.0174119 -0.0227469 0.0102808 0.0119854 0.0209053 0.0690783 0.00184724 0.0384417 0.0276143 0.0511682 0.0756345 0.0163692 0.0480161 0.01535
internal_weight=1308.31 1194.85 941.433 261.809 679.624 601.357 185.675 415.682 253.415 214.945 200.737 57.265 47.5594 35.4724 17.1168 226.337 22.4793 203.857 29.1876 152.17 109.995 12.7416 152.623 19.9003 183.892 40.9843 26.9871 143.472 23.9205 16.0015
internal_count=13460 12025 9638 2766 6872 6017 1884 4133 2387 2186 1947 520 434 346 152 2420 237 2183 289 1539 1112 127 1530 189 1696 372 237 1427 237 158
is_linear=0
shrinkage=0.05


Tree=7
num_leaves=31
num_cat=0
split_feature=18 53 6 6 7 37 38 42 13 0 15 38 4 16 48 47 31 19 50 14 18 18 45 47 47 7 16 45 4 37
split_gain=88.1868 27.6424 26.852 38.3156 27.6397 26.32 17.3629 15.9505 18.5667 14.6258 16.2698 14.1087 16.6959 13.033 13.017 12.9455 12.326 14.7009 19.6964 16.2344 16.1651 11.9793 10.1682 9.77509 10.9405 18.0738 20.5824 12.7358 10.1902 14.9483
threshold=0.0019286406115204379 -0.0027276161716312092 15.500000000000002 11.500000000000002 5.5000000000000009 0.50645250235581751 0.34130769972053548 4.9300000000000011e-06 0.13461935453824872 0.00036578280744967731 0.16014085417070348 0.25015569540012078 5.7900000000000134 0.17358463078152209 -0.00063723025742919127 -0.00050783558842851977 0.031643641704621452 -0.001739692614800627 -0.0014509524505353629 0.1154892610255264 0.0051835888629028068 0.0038391053515482269 -0.00023878418467442673 -0.00046747012764251857 -0.00049412643841744125 2.5000000000000004 0.16113432379901452 -0.00047935937740838341 9.0535714285714466 0.16225521565259063
decision_type=2 2 2 2 2 2 2 2 2 2 2 2 2 2 2 2 2 2 2 2 2 2 2 2 2 2 2 2 2 2
left_child=-1 7 3 5 22 11 -5 8 -2 21 -11 23 -13 15 -9 -12 17 -14 -19 -20 -21 -6 -4 24 28 -26 -27 -28 -3 -30
right_child=1 2 4 6 9 -7 -8 14 -10 10 13 12 16 -15 -16 -17 -18 18 19 20 -22 -23 -24 -25 25 26 27 -29 29 -31
leaf_value=-0.043126488629569193 0.12641476904156379 -0.012376425223978678 -0.019082647038394237 0.023506875724332788 -0.031643304337941318 -0.02514562509260275 0.11039724131661754 0.053294773795026167 0.026353863468473321 -0.010052757429809892 0.094815345120515676 -0.018701406257232187 -0.012762832134559608 0.12260668849527215 0.011182900288053346 -0.013522391075981672 -0.013847025100329311 0.10227611110150868 0.100315063967996 0.013095618580031951 0.094698014452857152 0.038022886239619053 0.048215248250621102 -0.012747508577092557 -0.012578383320947548 -0.0059461405876448962 0.14243215471402268 0.047830252664652184 0.075143685958151005 0.0029196249140594696
leaf_weight=109.41394899040461 7.3386554419994381 74.111458204686642 270.3388676866889 165.28896027058363 16.236298829317096 91.318900749087334 5.95655833184719 20.749204687774181 12.588602833449839 8.5646986365318316 5.272350080311301 25.336100295186043 14.519270472228525 7.7872017398476592 158.71526406705379 5.7806020677089682 16.20647194981575 11.556660607457159 7.5982159674167624 51.857945546507835 6.8733375668525687 9.9534124359488469 5.7318511679768553 118.74215144664049 14.888273946940897 7.9207610264420536 7.0379678234457961 7.1945039033889762 9.0963186323642713 33.729219876229763
leaf_count=1435 67 758 2894 1569 166 986 55 187 118 83 50 265 131 72 1530 56 153 102 68 479 59 90 57 1229 152 79 70 72 88 340
internal_value=-0.000156841 0.00376665 0.000373756 0.00612743 -0.0113064 -0.000888246 0.0265292 0.0207641 0.0632035 0.0215523 0.0470864 0.00455884 0.0178476 0.0730618 0.0160518 0.0381556 0.0263735 0.0334275 0.0420381 0.0315428 0.0226456 -0.00516663 -0.0176854 -0.001968 0.00634473 0.0300252 0.0586573 0.094611 -0.00115641 0.0182603
internal_weight=1307.7 1198.29 998.898 669.233 329.665 497.988 171.246 199.392 19.9273 53.5946 27.4049 406.669 133.948 18.8402 179.464 11.053 108.612 92.4054 77.8862 66.3295 58.7313 26.1897 276.071 272.721 153.979 37.0415 22.1532 14.2325 116.937 42.8255
internal_count=13460 12025 10123 6655 3468 5031 1624 1902 185 517 261 4045 1257 178 1717 106 992 839 708 606 538 256 2951 2788 1559 373 221 142 1186 428
is_linear=0
shrinkage=0.05


Tree=8
num_leaves=31
num_cat=0
split_feature=18 52 38 5 37 54 2 1 48 5 54 7 9 10 21 38 20 0 1 43 19 17 15 42 56 38 16 53 1 52
split_gain=82.3413 25.3213 18.484 20.1673 20.0994 23.2919 16.3679 25.0111 15.0429 13.1125 14.319 12.3567 14.1845 22.3234 15.4503 15.4316 13.1492 14.337 17.6204 17.7229 16.1084 12.6958 12.1589 12.8452 21.5205 14.0515 11.9567 11.894 12.7462 13.5524
threshold=0.0019286406115204379 0.17384712377214404 0.25595936762962862 0.0072769738407751413 0.32231023319881963 -0.00059988009595194388 -0.00055696619369339226 -0.0030653031354321721 -0.00050592637017565572 0.0015930254868681876 0.0053441742816912963 4.5000000000000009 1.0000000180025095e-35 1.0000000180025095e-35 -0.0013758658178753505 0.16978856202996725 -0.006437295770160621 -0.00062177381258321474 0.0019701343631812278 1.1372499999999998e-05 -4.1931991475815167e-05 0.67452872085117366 0.3955067152387674 3.7185000000000004e-05 1.2454216825968925 0.23739162782649684 0.62734384155629808 -0.0047765628141221471 -0.0035047443817842615 0.73715574986204679
decision_type=2 2 2 2 2 2 2 2 2 2 2 2 2 2 2 2 2 2 2 2 2 2 2 2 2 2 2 2 2 2
left_child=-1 2 9 4 -4 6 7 -6 22 -2 11 12 21 15 -15 -14 -17 -18 19 20 -19 -11 27 -24 25 -25 -13 28 29 -3
right_child=1 8 3 -5 5 -7 -8 -9 -10 10 -12 26 13 14 -16 16 17 18 -20 -21 -22 -23 23 24 -26 -27 -28 -29 -30 -31
leaf_value=-0.042514854328913637 -0.029154490485652197 0.095405099534702331 0.020104217399704 0.10482122163469845 -0.0061659422891231844 -0.035063301097907694 -0.020524047309061898 0.10275408675021969 0.0045738863371429204 -0.024264035262844798 -0.027866639847462727 0.009710416018189897 -0.033650849306195926 0.13903199301564578 0.018603000306000688 0.081907372327932257 -0.024113930283524945 0.037976128150812645 -0.024365301181876006 0.013114766723115279 0.15369917969409475 -0.0020821530966076284 0.01907175554004548 0.080597970164550004 0.15566917995127216 -0.012335435744442944 0.073255759363391099 0.0087816957188333062 0.11081439424740375 0.012604027600726471
leaf_weight=105.53739061206579 56.674814648926258 6.1708945557475117 135.04317313432693 5.5424270629882804 10.768651247024534 45.669087685644627 15.507071904838083 10.323012903332712 210.43762484192848 109.54442968219519 55.3632907345891 86.800290830433369 22.187334671616554 5.3560386598110199 5.297326631844042 6.4994615614414206 23.240693666040897 6.3518329933285713 12.567329548299311 16.590169034898281 5.7107821404933947 156.89652272313833 21.50201752781868 10.493421763181692 5.8466580584645262 6.6419533789157859 8.0927640274167043 109.92257710546255 5.6405348181724539 24.811198092997074
leaf_count=1435 628 52 1266 51 100 492 164 98 2051 1190 595 864 228 50 50 64 233 63 129 170 57 1666 193 95 50 60 81 1022 50 213
internal_value=-0.000170699 0.00354875 -0.00159317 0.0106377 0.00823563 -0.0112467 0.0184724 0.0471434 0.0137953 -0.00631567 -0.00382885 -0.00096772 -0.0050935 0.0105861 0.0791493 0.00274443 0.0141242 0.00728979 0.0249958 0.046646 0.0927627 -0.011202 0.0239537 0.0468492 0.0728378 0.0445755 0.0151298 0.0170037 0.0416821 0.029096
internal_weight=1307.03 1201.49 800.027 222.853 217.311 82.2678 36.5987 21.0917 401.467 577.173 520.498 465.135 370.242 103.801 10.6534 93.1476 70.9603 64.4608 41.2201 28.6528 12.0626 266.441 191.029 44.4841 22.982 17.1354 94.8931 146.545 36.6226 30.9821
internal_count=13460 12025 8239 2171 2120 854 362 198 3786 6068 5440 4845 3900 1044 100 944 716 652 419 290 120 2856 1735 398 205 155 945 1337 315 265
is_linear=0
shrinkage=0.05


Tree=9
num_leaves=31
num_cat=0
split_feature=18 6 7 6 6 37 19 7 37 7 52 5 43 16 5 37 18 4 18 41 4 7 18 43 6 21 5 5 48 48
split_gain=76.8792 24.203 24.521 24.1269 21.0354 20.0122 15.701 14.8592 20.1223 26.0488 14.0203 14.9472 13.9982 17.5393 13.0947 16.8768 17.3157 12.9129 23.5496 17.432 23.0712 12.7513 18.9705 14.9702 15.363 13.8247 13.6978 14.8051 17.6409 15.0684
threshold=0.0019286406115204379 17.500000000000004 5.5000000000000009 11.500000000000002 14.500000000000002 0.4913847582635969 -0.004759801344266618 3.5000000000000004 0.63748268112011153 1.5000000000000002 2.7264804536501619 0.0078556324484900884 -3.2485000000000005e-05 0.15074565761125605 0.0032041309187405575 0.63748268112011153 0.0083636522721657839 17.322499999999987 0.0077744276914891953 6.1900000000000009e-06 23.872142857142798 2.5000000000000004 0.0024951288909743998 -6.7413749999999985e-05 4.5000000000000009 -0.0040857833533222412 0.0049568811680629331 0.0024883499728584569 -0.00049899971817607641 -0.00051812638818516711
decision_type=2 2 2 2 2 2 2 2 2 2 2 2 2 2 2 2 2 2 2 2 2 2 2 2 2 2 2 2 2 2
left_child=-1 3 -3 5 7 6 12 8 -5 -10 11 -7 -2 -14 -6 16 -16 -17 -19 20 -20 -8 -23 24 -24 -25 27 28 29 -27
right_child=1 2 -4 4 14 10 21 -9 9 -11 -12 -13 13 -15 15 17 -18 18 19 -21 -22 22 23 25 -26 26 -28 -29 -30 -31
leaf_value=-0.041901436075910625 0.10687768276966732 -0.015972722545517896 0.022248639093531149 0.031693151096744684 -0.0096253714197641841 -0.025778809520210819 -0.0060858255636139537 0.010107979914163175 0.021515650275174408 0.14074931241338481 0.064894348822060147 0.053133667655382848 0.080429485036739218 -0.0020226303101868958 0.081617752118394962 -0.026381848232278834 -0.0051048799687059866 0.089964135364852649 -0.023252221030582262 -0.034865504051119343 0.11714825571076669 -0.02078879061479634 0.0094322087933496196 -0.05633598194792562 0.11086189038655701 0.030649937335209113 0.096053661981217731 -0.0046888659391212256 0.0049598293199676772 0.093246707833194664
leaf_weight=101.82295436412096 6.0448527857661238 238.69863852113485 50.913518667221069 91.12102647125721 77.111950851976871 103.41243890672922 200.52610897272825 58.135403789579868 8.1259682923555374 10.499102905392647 4.9416424483060828 6.3704599291086188 9.3438767865300196 20.82416108250618 17.172610834240917 21.883657276630402 8.6578500270843488 9.5002817958593351 5.9967299029231089 16.154574237763882 5.7140430584549904 38.85671079158783 6.7766293659806243 6.8256480246782294 8.3127266690134984 37.532515659928322 5.2102496773004523 66.046301551163197 50.875330969691277 12.924638696014879
leaf_count=1435 49 2602 469 798 789 1130 2015 552 67 82 49 63 76 191 148 229 82 86 59 162 51 437 64 69 76 348 48 631 487 116
internal_value=-0.00018283 0.00334384 -0.00925345 0.00733153 0.0181395 0.00123157 0.00580075 0.0305461 0.0413727 0.0887286 -0.0174913 -0.0211997 0.0374304 0.0235151 0.00529762 0.0188231 0.0525501 0.00411935 0.0219828 -0.00119448 0.0452535 0.00316088 0.0111066 0.0174784 0.0653098 0.0134556 0.0162158 0.0137305 0.0257359 0.0466841
internal_weight=1306.33 1204.51 289.612 914.897 330.073 584.824 470.1 167.882 109.746 18.6251 114.725 109.783 36.2129 30.168 162.192 85.0797 25.8305 59.2493 37.3656 27.8653 11.7108 433.887 233.361 194.504 15.0894 179.415 172.589 167.379 101.332 50.4572
internal_count=13460 12025 3071 8954 3105 5849 4607 1499 947 149 1242 1193 316 267 1606 817 230 587 358 272 110 4291 2276 1839 140 1699 1630 1582 951 464
is_linear=0
shrinkage=0.05


Tree=10
num_leaves=31
num_cat=0
split_feature=18 19 6 34 43 38 38 6 47 47 50 37 4 50 43 18 13 31 12 43 17 54 49 1 50 42 42 42 4 18
split_gain=71.7687 22.368 15.3885 18.2368 17.3658 25.6389 15.5777 17.0735 14.9428 16.1705 18.6142 19.851 17.2495 13.2206 13.6603 12.8416 15.0719 10.7313 11.4131 12.0795 13.9846 10.4317 16.2868 10.1225 10.0558 10.0402 22.9071 12.9937 15.1287 14.9151
threshold=0.0019286406115204379 0.00021098506486228084 18.500000000000004 0.051439840123122957 7.1558750000000007e-05 0.18700520256091632 0.27512243826888394 4.5000000000000009 -0.00024647532670496675 -0.00046747012764251857 0.010510974608382788 0.25113459593486315 8.6760714285714737 0.0036546471907642352 -4.9704999999999993e-05 0.0027953291446535986 0.032643894787718931 0.071847812914886941 0.53246312507908733 8.1331250000000015e-05 1.0271933250814891 0.0007552870647528681 -0.0021578494118073173 -0.00032395735219954014 -0.0015179225323691578 3.1085000000000012e-05 6.7700000000000004e-06 4.1325000000000008e-05 16.698928571428535 0.0054588190180095081
decision_type=2 2 2 2 2 2 2 2 2 2 2 2 2 2 2 2 2 2 2 2 2 2 2 2 2 2 2 2 2 2
left_child=-1 2 6 4 -4 -6 7 -2 9 10 11 12 23 14 -14 16 -9 18 -8 20 -20 22 -22 -3 -7 26 -17 28 -27 -29
right_child=1 8 3 -5 5 24 17 15 -10 -11 -12 -13 13 -15 -16 25 -18 -19 19 -21 21 -23 -24 -25 -26 27 -28 29 -30 -31
leaf_value=-0.041285636890708806 -0.0095217589746186635 0.057899136889700567 -0.019090502784178412 0.075318932463400989 -0.048152294271245191 0.13238513717978737 -0.0052413574850377134 0.035240393913159106 0.066630764047977631 -0.013825915851012116 0.07154464206601048 -0.012279149769285222 0.12988969020884597 -0.0040616405073984558 0.0437773779044517 0.034536297514300145 -0.022574777464198656 -0.011156962733758149 0.071077578915814316 -0.0080863213370059844 0.057756705909189132 0.086792245429317544 -0.021093598169983928 -0.0037364601093422081 0.03349672882565588 0.062207027418366881 -0.011667542404968249 0.0058197475929907816 -0.019802944945014979 0.04207544573238528
leaf_weight=98.265321172773838 100.37011726200581 7.4045715928077689 99.992676921188831 6.4038090109825125 5.6867010146379462 5.2692536935210219 14.402263745665548 15.274225570261477 7.2853615954518309 275.90373194217682 9.7215017527341825 130.14310201257467 5.8766381666064289 10.324804618954657 21.290323346853256 44.540257625281811 43.027353957295418 13.990695856511591 37.8610715046525 10.08617929369211 11.563852652907372 5.8575082346796981 15.101020082831383 66.36650075763464 5.0199306830763808 36.673236273229122 67.44959133118391 84.896832950413227 6.6420269384980193 42.601674281060696
leaf_count=1435 1027 72 1053 59 55 50 136 158 70 2918 92 1374 54 95 199 404 444 127 328 91 93 50 137 668 53 330 649 793 62 384
internal_value=-0.000195081 0.00315014 0.00921626 -0.00682089 -0.0113567 0.0370492 0.0127823 0.00860498 -0.00448716 -0.00547025 0.00370979 0.00097806 0.0164849 0.0441007 0.0624048 0.0139388 -0.00742798 0.0297225 0.035751 0.0430877 0.0504212 0.0263739 0.0131017 0.00245005 0.084139 0.0183436 0.00670851 0.0259719 0.0496315 0.017934
internal_weight=1305.29 1207.03 672.71 122.372 115.969 15.9759 550.338 441.475 534.317 527.031 251.127 241.406 111.263 37.4918 27.167 341.105 58.3016 108.863 94.8719 80.4696 70.3835 32.5224 26.6649 73.7711 10.2892 282.804 111.99 170.814 43.3153 127.499
internal_count=13460 12025 6483 1270 1211 158 5213 4251 5542 5472 2554 2462 1088 348 253 3224 602 962 835 699 608 280 230 740 103 2622 1053 1569 392 1177
is_linear=0
shrinkage=0.05


Tree=11
num_leaves=31
num_cat=0
split_feature=18 53 6 7 6 37 6 18 38 32 42 13 41 32 18 48 7 47 47 5 0 3 17 48 7 0 42 4 1 4
split_gain=67.0448 22.9849 19.5345 25.1727 19.8743 18.3468 17.8933 16.6737 16.7475 16.5283 15.6983 14.7453 13.5021 13.2641 13.8623 12.6306 12.5294 11.9775 13.465 12.8918 11.4761 12.1981 11.2592 11.0265 11.0234 10.9039 10.0447 9.94664 15.499 11.9646
threshold=0.0016280874468590119 -0.0031660448020082114 17.500000000000004 5.5000000000000009 11.500000000000002 0.50645250235581751 14.500000000000002 0.0024621774863891619 0.24944338913926389 5.5000000000000009 4.9300000000000011e-06 0.13587960686702702 3.1470000000000009e-05 2.5000000000000004 0.0046038366587724125 -0.00030423588715691583 2.5000000000000004 -0.00047129534226284826 -0.00053567287624369973 0.0023873049309457955 0.00025213798530659943 0.0039955710664481515 0.44039278735541881 -0.00063723025742919127 1.0000000180025095e-35 0.0010393145863618425 1.0820000000000001e-05 7.518928571428563 0.0016115745714187525 9.9628571428571302
decision_type=2 2 2 2 2 2 2 2 2 2 2 2 2 2 2 2 2 2 2 2 2 2 2 2 2 2 2 2 2 2
left_child=-1 10 4 -4 5 7 9 -3 16 -6 11 -2 24 -14 -15 22 -9 18 -11 -19 -5 25 -8 -12 -10 -22 -24 28 -26 -29
right_child=1 2 3 20 6 -7 15 8 12 17 23 -13 13 14 -16 -17 -18 19 -20 -21 21 -23 26 -25 27 -27 -28 29 -30 -31
leaf_value=-0.051245910937229834 0.11934863450706855 -0.019829867441020235 -0.019637188208373471 -0.0069387702106132295 0.014519612483578399 -0.022715515455917705 0.066516824027278779 -0.013525498042958876 -0.018545714801362453 0.035012579798830643 0.048313934709518197 0.028933276368687838 -0.027024889597184638 0.0065152174980644744 0.083354083705885207 0.077220053217700285 0.0091416197740097904 -0.0078305155136287313 0.10661303816052513 0.072519470015653509 0.12958896038029583 0.010359963030479334 -0.0359000966839449 0.0086733181371888221 0.092616215822509812 0.033833197551006743 0.0013477595195582868 -0.00015169677754279558 0.0031138869970002594 0.061790526718614118
leaf_weight=61.312189668416977 6.9958130195736912 73.532295607030392 211.78326014429331 19.039037242531776 97.526522696018219 91.386851668357849 5.6985388100147238 112.64210242778063 7.8052465021610251 12.38483088463545 20.099775359034538 12.687014527618883 21.706723138689995 28.038409382104874 7.4238167181611052 5.2124929502606383 132.88497084379196 13.216765493154528 13.976134113967417 8.0220656320452672 5.8715837076306361 12.493590570986269 22.092967614531517 137.89350743591785 18.077423669397835 6.0222116783261299 100.1423477306962 18.20263392478228 6.6040499210357657 13.635835230350493
leaf_count=958 56 882 2395 186 866 1030 59 1168 74 108 167 112 206 252 63 49 1296 126 123 68 52 110 228 1288 141 55 1015 159 60 108
internal_value=-0.000204264 0.00231322 -0.000463249 -0.0125264 0.00333653 -0.00232743 0.0141637 0.0019018 0.00625572 0.0263079 0.0189621 0.0610694 0.0214392 0.00375833 0.022601 0.000926693 -0.00125753 0.0504608 0.0729739 0.0225183 0.0221517 0.0448624 -0.00218178 0.0137164 0.0371531 0.0811047 -0.00538447 0.0448449 0.068668 0.026377
internal_weight=1304.41 1243.1 1065.42 255.21 810.213 531.94 278.273 440.554 367.021 145.126 177.676 19.6828 121.494 57.1689 35.4622 133.146 245.527 47.5998 26.361 21.2388 43.4264 24.3874 127.934 157.993 64.3252 11.8938 122.235 56.5199 24.6815 31.8385
internal_count=13460 12502 10879 2798 8081 5439 2642 4409 3527 1291 1623 168 1063 521 315 1351 2464 425 231 194 403 217 1302 1455 542 107 1243 468 201 267
is_linear=0
shrinkage=0.05


Tree=12
num_leaves=31
num_cat=0
split_feature=18 54 6 18 47 47 37 38 7 38 42 37 47 7 16 47 13 3 16 5 0 6 37 14 5 53 49 15 11 6
split_gain=63.2434 21.9915 21.4739 17.3079 17.4469 20.5703 17.4644 18.4166 16.9211 16.2701 18.4501 15.3572 13.8728 15.4358 21.5157 21.1119 12.4957 14.7327 12.191 11.8903 11.49 11.3259 16.7197 13.8576 12.519 11.0525 11.8064 11.9656 11.7626 11.0492
threshold=0.0016280874468590119 -0.0041879630606056232 17.500000000000004 0.0024951288909743998 -0.00024647532670496675 -0.00038384989686487421 0.32571581863079274 0.27512243826888394 5.5000000000000009 0.33054910377287428 6.2725000000000007e-05 0.038982847691127413 -0.00046497372265648948 2.5000000000000004 0.13394247886066588 -0.00048184726094081093 0.032643894787718931 0.0032911216363727463 0.20126991802521926 0.0078556324484900884 0.00025213798530659943 11.500000000000002 0.11956475124758013 0.099999999999918071 0.0023873049309457955 0.0016501006507590983 -0.00031626267715177328 0.1353786310308161 -0.33059339732959486 4.5000000000000009
decision_type=2 2 2 2 2 2 2 2 2 2 2 2 2 2 2 2 2 2 2 2 2 2 2 2 2 2 2 2 2 2
left_child=-1 18 3 -3 5 6 7 12 -4 10 -9 -12 13 16 -15 25 17 -5 -2 29 -10 23 -23 -14 -24 26 27 -16 -29 -8
right_child=1 2 8 4 -6 -7 19 9 20 -11 11 -13 21 14 15 -17 -18 -19 -20 -21 -22 22 24 -25 -26 -27 -28 28 -30 -31
leaf_value=-0.050950496978827399 0.030119364281484002 -0.014825133913337788 -0.020282977308065154 0.001033965149287177 0.090398665065626549 -0.02138878589249954 -0.022054745833332837 0.065263245658176608 -0.013425326410925337 -0.014316678005867306 0.066463258434617326 -0.028042753907868707 0.044727468330046052 -0.0060758300166321912 0.0038853764862655012 0.10875623200870826 -0.013003223893861339 0.10776516029632975 0.006970159787775031 0.06231550856438911 0.040406154080534482 -0.034540871805571118 0.013012402824791457 -0.023841650344289533 0.11802566525171965 0.077542094218569266 -0.0035408577599489325 0.12024896282363835 0.030643973058479514 0.0026562838279684023
leaf_weight=58.651610542088747 91.338327459990978 115.86442863941193 196.56432201713324 8.6732249781489354 6.0877551212906829 64.682148039340973 59.514685176312923 44.811155259609222 18.482998073101044 12.605641543865202 6.726303510367873 11.910363413393496 8.3711605817079526 28.336554795503616 9.7530786171555501 11.12233269959688 48.962332747876644 5.154947228729724 150.7215912938118 7.1081555783748618 21.377440877258778 6.5725202336907413 5.6600877419114095 61.508313253521919 5.6922022625803947 11.472318999469278 22.288679845631126 7.3113397657871202 7.3386986404657391 188.55923745781183
leaf_count=958 811 1360 2267 86 55 675 663 344 182 110 51 108 82 263 87 99 471 49 1400 66 187 60 50 623 50 103 204 66 64 1866
internal_value=-0.000211924 0.00217918 -0.00108673 0.00297852 0.00615099 0.00535476 0.00834004 0.0160404 -0.0142594 0.037567 0.0478752 0.00606614 0.00944463 0.0181899 0.0306289 0.0456403 -0.00114948 0.0408218 0.0157052 -0.00144511 0.0154449 -0.00653251 0.028924 -0.0156275 0.0656676 0.033571 0.0227672 0.0467958 0.0753628 -0.00327207
internal_weight=1303.22 1244.57 1002.51 766.088 650.223 644.135 579.453 324.271 236.425 76.0535 63.4478 18.6367 248.218 160.414 97.623 69.2864 62.7905 13.8282 242.06 255.182 39.8604 87.8043 17.9248 69.8795 11.3523 58.1641 46.6918 24.4031 14.65 248.074
internal_count=13460 12502 10291 7655 6295 6240 5565 2970 2636 613 503 159 2357 1492 886 623 606 135 2211 2595 369 865 160 705 100 524 421 217 130 2529
is_linear=0
shrinkage=0.05


Tree=13
num_leaves=31
num_cat=0
split_feature=18 19 17 18 16 37 17 52 38 21 10 16 13 14 45 47 14 45 47 5 7 4 21 41 1 54 21 14 38 49
split_gain=59.7475 20.8855 13.7264 14.6469 15.7059 14.5729 14.8301 10.884 17.0717 16.0376 16.3132 11.4113 13.6363 10.7133 11.4781 14.3454 10.0864 12.4984 10.4907 9.97488 14.1959 16.1875 20.2479 11.9874 9.93663 12.4054 10.4215 11.5644 12.0233 11.2178
threshold=0.0015815249472308482 -4.1931991475815167e-05 0.93466369087863554 0.002741295894976016 0.23076923076921968 0.44807286811313546 0.973854131223574 0.034985304704227629 0.25411908057280796 0.0026741063492379301 1.0000000180025095e-35 0.091604862226433992 0.2707211641574841 0.24796503716748994 -0.0004632292949580466 -0.00053766921569283073 0.028694179666219222 -0.00045213796735000617 -0.00024647532670496675 0.0016202642439274162 4.5000000000000009 11.237500000000013 -0.0036110176524622325 -4.6499999999999987e-06 0.00090625417737586909 0.0015326577400799903 -0.0024134052955811602 0.13472764282352581 0.31252125812803699 -0.00045672825743613312
decision_type=2 2 2 2 2 2 2 2 2 2 2 2 2 2 2 2 2 2 2 2 2 2 2 2 2 2 2 2 2 2
left_child=-1 7 16 -4 -5 6 -6 8 9 19 -11 12 -9 14 15 -13 17 -3 -18 -2 23 22 -22 -21 26 -26 -10 -28 -29 -30
right_child=1 2 3 4 5 -7 -8 11 24 10 -12 13 -14 -15 -16 -17 18 -19 -20 20 21 -23 -24 -25 25 -27 27 28 29 -31
leaf_value=-0.052362559025239799 -0.036479614559319529 0.069674304513586291 -0.018481438600884921 0.00055522512137061474 0.12345988823651421 -0.0032569726624519751 0.035879110310844668 0.061333386025910375 0.06020919703182312 0.073444471760215194 -0.015639599180047366 0.01167649652387205 -0.00014507381236390961 0.0051725617059175206 -0.0052752654094981007 0.070848457433556639 -0.01415607087112186 -0.023871577791795332 0.061761799573352497 -0.02950779750096226 0.11945576033177981 -0.024498817252301103 0.020046793079326244 -0.0015025389550796843 0.10793418127432911 0.0061211149482009878 0.051687315066277578 -0.0099361571739609751 0.064658707289410935 -0.012189493020224056
leaf_weight=52.71421904489398 26.836551144719124 8.299487851560114 56.52898795902729 134.65298219025135 5.5254184976220122 21.626011662185192 38.602459363639355 26.626027338206768 10.861241884529589 12.726803064346313 8.6194822043180466 18.644726008176804 13.640359349548815 166.72849223017693 16.372321799397469 22.730179578065872 324.0566577911377 6.2666908055543891 4.6152587011456481 58.397074028849602 6.1817924082279161 15.154094658792017 29.888171613216404 110.54024692624807 6.6001226156949979 5.4726558402180672 13.265330985188482 59.875901088118553 12.239042207598688 7.7594166025519362
leaf_count=905 326 83 646 1345 51 222 358 225 89 133 91 164 111 1492 156 189 3527 70 43 620 52 139 286 1148 57 50 125 569 112 76
internal_value=-0.000220087 0.00198 -0.00474342 0.00399625 0.0103366 0.0303671 0.0468454 0.00819608 0.00282331 -0.00410661 0.0374729 0.0159976 0.0405074 0.011601 0.0301614 0.0441839 -0.0112856 0.0294288 -0.01309 -0.00770003 -0.00419195 0.0188653 0.0370838 -0.0111832 0.0188442 0.0617818 0.0138598 0.00845494 0.00127501 0.0348415
internal_weight=1302.05 1249.33 600.174 256.936 200.407 65.7539 44.1279 649.16 384.418 268.344 21.3463 264.742 40.2664 224.476 57.7472 41.3749 343.238 14.5662 328.672 246.998 220.161 51.2241 36.07 168.937 116.074 12.0728 104.001 93.1397 79.8744 19.9985
internal_count=13460 12555 6345 2622 1976 631 409 6210 3873 2795 224 2337 336 2001 509 353 3723 153 3570 2571 2245 477 338 1768 1078 107 971 882 757 188
is_linear=0
shrinkage=0.05


Tree=14
num_leaves=31
num_cat=0
split_feature=18 19 18 37 17 47 50 13 6 41 50 5 15 20 52 38 21 10 15 16 13 21 46 31 19 38 13 21 5 4
split_gain=56.4765 18.9056 14.0499 14.4399 17.0931 14.0295 12.5784 20.3158 11.3126 10.5428 15.0422 12.8382 12.6604 14.2073 10.2021 14.6085 13.876 14.2393 12.6557 11.3878 13.5698 11.1477 12.9507 13.9728 13.1135 15.7703 11.959 14.3631 9.72006 11.1284
threshold=0.0015815249472308482 0.00021098506486228084 0.0024951288909743998 0.25651604567917863 1.0809265087415898 -0.00046814941123008775 0.010510974608382788 0.50539895197384588 21.500000000000004 1.2345000000000003e-05 -0.00087654904670311936 0.004477668451927725 0.35794498178619977 0.0020855350580825968 0.034985304704227629 0.25411908057280796 0.0026741063492379301 1.0000000180025095e-35 0.33975082552732727 0.091604862226433992 0.053281206284210576 0.00076183700234081322 -0.00051435655597880097 0.063411201904416514 -0.0021878851180526554 0.29011421727762871 0.06740302028776482 -0.0010955451779857725 0.0016202642439274162 13.082500000000008
decision_type=2 2 2 2 2 2 2 2 2 2 2 2 2 2 2 2 2 2 2 2 2 2 2 2 2 2 2 2 2 2
left_child=-1 14 -3 5 8 9 -6 -8 -5 10 -4 12 -12 -14 15 16 28 18 -18 20 -16 22 24 26 25 -17 -24 -28 -2 -30
right_child=1 2 3 4 6 -7 7 -9 -10 -11 11 -13 13 -15 19 21 17 -19 -20 -21 -22 -23 23 -25 -26 -27 27 -29 29 -31
leaf_value=-0.052148978305759125 -0.033010020105926262 -0.024984047333143022 0.10192333808539618 -0.020703091579371585 0.0011322778508738667 -0.0052286900314317437 0.12421827225145038 0.00063250640703397534 0.02573996457502958 -0.0019144214069888585 -0.00030984515995535994 0.098607276715170736 0.011646357725201031 0.099893083504248636 0.10560891631819079 -0.0074337788235274999 0.09321041728460705 -0.01733660148620875 -0.004690419976114882 0.010366082884442396 0.026647757190640144 -0.016300370142492051 0.024029931403695002 -0.038901258454385731 -0.017982353906329941 0.090762130665858309 0.010182790903401007 0.09248803168369861 0.0026136754785838017 -0.022619412303032393
leaf_weight=50.34350847825408 31.95677500218153 76.385061368346214 7.1795920208096495 180.18215351551771 78.958482496440411 89.554910242557526 5.7855483740568143 7.820073738694191 14.14082048088312 30.619055606424809 34.240393951535225 5.4035177305340758 10.210122160613539 8.2432414740324003 6.3693579435348502 8.850393585860731 10.338552571833132 9.0289867147803307 4.8495072796940812 235.61683032661676 37.334513545036316 21.947560958564281 32.457153953611851 5.5163605734705916 28.92381776869297 7.5997858792543402 7.3663040027022388 18.903434351086617 176.90418857336044 58.027567148208618
leaf_count=905 401 939 62 2019 799 897 54 75 161 283 320 45 99 73 53 77 102 97 50 2091 305 210 310 54 273 57 69 170 1801 609
internal_value=-0.000225619 0.00186439 -0.00508866 -0.00187124 -0.0089001 0.0090022 0.00878332 0.0531852 -0.0173234 0.0222921 0.0336465 0.0252089 0.0176823 0.0510668 0.00729936 0.00239932 -0.00384977 0.0323897 0.0619509 0.0147141 0.0381555 0.0162263 0.0227388 0.0371821 0.00228903 0.0379316 0.0443288 0.0694088 -0.00713809 -0.00361884
internal_weight=1301.06 1250.71 548.723 472.338 286.887 185.451 92.5641 13.6056 194.323 95.8959 65.2769 58.0973 52.6938 18.4534 701.991 422.67 291.106 24.217 15.1881 279.321 43.7039 131.565 109.617 64.2433 45.374 16.4502 58.7269 26.2697 266.889 234.932
internal_count=13460 12555 5826 4887 3108 1779 928 129 2180 882 599 537 492 172 6729 4280 3060 249 152 2449 358 1220 1010 603 407 134 549 239 2811 2410
is_linear=0
shrinkage=0.05


Tree=15
num_leaves=31
num_cat=0
split_feature=18 53 47 37 18 17 11 42 50 2 42 17 42 42 41 52 5 37 34 19 47 6 4 6 5 20 20 48 52 15
split_gain=53.3959 17.3924 15.2494 16.3595 18.5522 13.9214 23.5722 12.4461 12.1579 13.7231 15.6196 12.1443 11.3754 18.143 18.8165 13.2356 12.3011 12.9683 11.7547 11.4665 10.6121 10.2981 10.4036 13.0131 14.7639 13.5825 12.7407 10.5055 10.1935 9.57665
threshold=0.0015815249472308482 -0.0031660448020082114 -0.00045487359707488141 0.30764946861835668 0.0023619817307231178 1.9261651795479056 2.3074548535690456 4.9300000000000011e-06 0.0014517969082536448 -0.007619572109516093 2.6100000000000004e-06 1.0326511564203891 3.1085000000000012e-05 4.3995000000000008e-05 4.0050000000000004e-05 0.54180307101078173 0.0026904775880754999 0.4519752251860561 0.19421547674660264 0.0048859137682807025 -0.00021816940149187015 10.500000000000002 5.6064285714285491 14.500000000000002 0.0027024659403902438 -0.0024499545619009236 -0.00044673505036773019 -0.00055010108621138525 1.3923712036011386 0.10213764030452695
decision_type=2 2 2 2 2 2 2 2 2 2 2 2 2 2 2 2 2 2 2 2 2 2 2 2 2 2 2 2 2 2
left_child=-1 7 3 4 28 8 -7 11 9 -6 -11 -2 19 14 15 -14 17 -15 -18 -5 -4 -12 -23 25 -25 -24 -27 -26 -3 -9
right_child=1 2 20 12 5 6 -8 29 -10 10 21 -13 13 16 -16 -17 18 -19 -20 -21 -22 22 23 24 27 26 -28 -29 -30 -31
leaf_value=-0.051942426747277261 0.10206533767374509 -0.023402173938044946 -0.0095974182466973378 -0.021697690248294411 -0.020580932748913681 0.13400320632838394 -0.0020235519525593692 -0.0012624450511919899 -0.0023397660895290101 0.099885495087829165 0.011843962789615721 0.023274304293298395 0.0022267920308937685 -0.015249430499702633 0.097647877358890078 0.065215117865790803 -0.028866868255953405 0.031813397677126785 0.016558229980914493 0.030905365409744548 0.05685006356151534 0.10099393572289611 0.013472241606566383 -0.011549123874246054 0.10664833432895049 0.12853813892200086 0.044012348153300795 0.014589840859556509 0.050382392238184651 0.023021279671765035
leaf_weight=48.073860451579094 7.7155629917979267 47.565924104303122 384.40560537949204 107.30285946652293 18.724921450018883 6.4787712246179563 6.2642945125699043 78.591734007000923 83.702202074229717 6.5957095324993125 109.0780917853117 13.357099696993826 41.027773648500443 26.548779308795929 7.956787444651126 10.467792592942713 65.941598303616047 32.625449605286121 18.164697125554085 11.466816529631613 6.1041728258132926 5.6990860179066649 11.735654018819334 24.662805415689945 5.5246169939637184 8.20918717980385 9.75666396319866 7.05855944752693 5.191858544945716 83.986120790243149
leaf_count=905 61 601 4133 1145 165 53 55 698 789 53 986 107 429 266 66 86 704 318 163 119 55 56 94 260 58 62 81 74 61 757
internal_value=-0.000230923 0.00175482 -0.00068873 0.00384586 0.0112255 0.0159828 0.0671346 0.0159685 0.0137409 0.0202419 0.0243009 0.0521229 -0.00433134 0.00286733 0.0260878 0.0150308 -0.0067677 0.0106985 -0.0190563 -0.016619 -0.00855876 0.0215576 0.0361425 0.0306218 0.0109365 0.0553074 0.082635 0.0550079 -0.0161411 0.0112823
internal_weight=1299.99 1251.91 1068.26 677.751 356.248 303.491 12.7431 183.651 290.747 207.045 188.32 21.0727 321.503 202.733 59.4524 51.4956 143.281 59.1742 84.1063 118.77 390.51 181.725 72.6466 66.9475 37.246 29.7015 17.9659 12.5832 52.7578 162.578
internal_count=13460 12555 10932 6744 3448 2786 108 1623 2678 1889 1724 168 3296 2032 581 515 1451 584 867 1264 4188 1671 685 629 392 237 143 132 662 1455
is_linear=0
shrinkage=0.05


Tree=16
num_leaves=31
num_cat=0
split_feature=4 50 5 47 43 4 15 43 12 37 42 2 13 21 42 12 37 42 4 37 37 12 4 1 13 42 42 6 0 42
split_gain=46.8352 16.2017 11.7897 18.1432 15.609 20.043 16.4397 16.9866 14.3443 13.4461 12.6438 14.2853 12.3614 11.3625 15.9352 11.3358 11.8425 16.2682 15.3876 15.1821 17.7551 14.2476 11.0936 11.0847 10.9182 10.5295 26.7655 21.2014 18.0214 11.9815
threshold=4.5339285714285493 0.00052863401949442977 0.0057211383946451618 -0.00041454439890628965 3.4912500000000008e-05 12.357857142857176 0.084053514833982837 4.6046249999999996e-05 0.49886381088282833 0.99991444704272026 4.4690000000000007e-05 0.0040934109334316024 0.17509468794594771 0.0002799097063811966 4.0475000000000008e-05 0.72077519689823488 0.93306994064791382 1.5530000000000005e-05 10.861785714285704 0.18049789056593776 0.12616408953523955 2.6163380415816295 8.1496428571428847 0.0014892781015786716 0.074095833435755362 7.0775000000000013e-05 7.4310000000000025e-05 5.5000000000000009 1.0000000180025095e-35 8.4850000000000016e-05
decision_type=2 2 2 2 2 2 2 2 2 2 2 2 2 2 2 2 2 2 2 2 2 2 2 2 2 2 2 2 2 2
left_child=-1 2 3 4 5 8 -6 13 -2 10 12 -12 -4 14 -8 24 18 -18 23 20 -20 -21 -5 -17 -3 -9 -27 -28 29 -29
right_child=1 15 9 22 6 -7 7 25 -10 -11 11 -13 -14 -15 -16 16 17 -19 19 21 -22 -23 -24 -25 -26 26 27 28 -30 -31
leaf_value=-0.036025856694366615 -0.012702946063960458 -0.005018650585714126 0.11009196518351216 -0.036487123672684856 -0.0067923200052369681 -0.018697606898366134 0.029488245380604364 0.0059635655212030457 0.014485432971401589 -0.023177120829873901 -0.0011362586723711599 0.087094317716940275 0.02853377653457044 0.010430410775963244 0.1233316021085684 0.017012412519661489 0.034924633657635699 -0.046224840931886307 0.016684182693717676 0.0065556113958809697 0.13594016537412229 0.075926329915814522 -0.00215054699421877 -0.012099775383575387 -0.029133992436418711 0.13791236972008888 -0.040976458360807592 0.074753400842960713 0.089561473489951443 -0.0088851353458473861
leaf_weight=85.398331247270107 60.354833837598562 129.78414418175817 10.054635062813761 35.723767574876547 39.429222732782364 81.791384004056454 7.4696697890758577 54.636147767305374 247.24041700735688 9.9867689013481122 20.457246437668804 5.9138760864734641 8.6365974694490415 6.6690219528973094 11.469879657030104 45.206110525876284 8.1766152158379537 25.241735942661762 6.6649117693304998 74.268109768629074 5.8697713240981102 8.2209460660815221 68.878697030246258 118.16676073893905 73.526243798434734 5.8824498504400244 9.6824589148163778 5.9497840479016313 12.863552793860434 15.274861536920071
leaf_count=1437 621 1381 88 388 368 791 69 536 2284 89 194 60 76 68 93 446 82 268 57 750 46 73 702 1204 835 54 99 49 116 136
internal_value=-0.000235703 0.002283 0.00707942 0.00523413 0.00881215 0.00330108 0.0214855 0.0300689 0.00915066 0.0293143 0.0409475 0.01865 0.0724066 0.0665569 0.0863202 -0.00467602 0.00163884 -0.0263696 0.00526117 0.0212599 0.0725297 0.0134692 -0.0138772 -0.00404428 -0.0137399 0.0211092 0.0377748 0.024317 0.0428631 0.0145608
internal_weight=1298.89 1213.49 718.365 663.316 558.714 389.387 169.327 129.898 307.595 55.0491 45.0624 26.3711 18.6912 25.6086 18.9395 495.125 291.815 33.4184 258.397 95.0237 12.5347 82.4891 104.602 163.373 203.31 104.289 49.6531 43.7707 34.0882 21.2246
internal_count=13460 12023 6881 6374 5284 3696 1588 1220 2905 507 418 254 164 230 162 5142 2926 350 2576 926 103 823 1090 1650 2216 990 454 400 301 185
is_linear=0
shrinkage=0.05


Tree=17
num_leaves=31
num_cat=0
split_feature=18 54 6 7 43 14 32 6 37 21 5 6 43 21 54 48 38 0 18 7 42 5 4 4 43 5 0 15 51 4
split_gain=48.6746 15.5802 16.991 15.1825 14.4847 18.7198 18.5674 15.4168 12.9918 11.9529 14.0339 20.2802 16.9446 18.1536 14.1329 13.299 12.7717 11.0679 11.0203 15.7657 10.8361 10.7723 10.7074 11.202 16.6072 10.2647 10.1456 9.98386 9.87846 13.2038
threshold=0.0015815249472308482 -0.0041879630606056232 17.500000000000004 5.5000000000000009 1.5643749999999997e-05 0.017497826166799475 4.5000000000000009 3.5000000000000004 0.31618503871498943 -0.0033680480917772193 0.0030106424584747764 6.5000000000000009 -1.0000000180025095e-35 -0.0021156388482303236 0.0025823920007008185 -0.00055559569664548423 0.23683380678675733 -0.0013849067784239019 0.0034667455484749476 4.5000000000000009 3.1395000000000007e-05 0.0020171119822322693 13.328928571428575 8.9717857142857014 3.4912500000000008e-05 0.0024526283760522359 0.00025213798530659943 0.2630538301500242 1.0000000180025095e-35 24.828928571428595
decision_type=2 2 2 2 2 2 2 2 2 2 2 2 2 2 2 2 2 2 2 2 2 2 2 2 2 2 2 2 2 2
left_child=-1 28 4 -4 5 -3 -6 8 -7 -9 12 27 13 16 17 -13 -11 -14 21 22 -15 -8 23 -20 -25 -26 -5 -12 29 -2
right_child=1 2 3 26 6 7 18 9 -10 10 11 15 14 20 -16 -17 -18 -19 19 -21 -22 -23 -24 24 25 -27 -28 -29 -30 -31
leaf_value=-0.051614218727038953 0.015696551810978322 0.084839761092960667 -0.018941125667854566 -0.012671409196474746 -0.012773799670633416 0.0048671268492089708 0.0073780044147358451 -0.011159664835831478 -0.03668883637026607 0.020204819065954019 0.14144657526471013 -0.028142201670183976 0.087116351373068335 -0.022490395902957264 0.10142304255225386 0.034571789470797205 0.11238720351772556 0.0074247568829013816 -0.0050337663603312183 0.082329355924194325 0.0076348037223543126 -0.036429812011271004 -0.020535485055391461 -0.0093112297337049413 0.12292576124753676 0.046705854808621959 0.037874609458882852 0.045311578188316499 -0.0012907270009231795 0.068353515199644541
leaf_weight=44.525944646447897 153.93860497325659 8.0396225675940496 191.40316498279572 18.191166691482067 245.75086408108473 46.241483144462109 50.602731931954622 43.556337602436543 31.702555228024721 11.687833137810232 6.0285487249493581 10.054162941873072 5.4934697449207333 51.341364044696093 7.5541101917624465 53.094546973705292 5.5377407670021048 21.058705452829599 19.081062942743301 9.663181394338606 71.313354481011629 19.417616136372089 16.825462214648724 10.295411154627798 6.0714943483471897 16.212217442691326 21.854299031198025 4.8924251273274422 83.578974664211273 12.902817249298094
leaf_count=905 1329 73 2275 182 2559 430 534 426 360 114 57 91 48 529 72 491 48 219 179 91 666 192 179 92 53 146 187 50 780 103
internal_value=-0.000241264 0.00158374 -0.00120179 -0.0130836 0.00236266 0.00936014 -0.00434485 0.00771809 -0.0120351 0.0129979 0.0172397 0.035467 0.00947996 0.00177507 0.04108 0.0245868 0.04984 0.0239124 0.00963525 0.0225426 -0.00497514 -0.00477051 0.0141069 0.0253897 0.0432082 0.067473 0.0149134 0.0983796 0.0127401 0.0197688
internal_weight=1297.91 1253.39 1002.96 231.449 771.516 377.596 393.92 369.557 77.944 291.613 248.056 74.0697 173.987 139.88 34.1063 63.1487 17.2256 26.5522 148.169 78.1488 122.655 70.0203 68.4856 51.6602 32.5791 22.2837 40.0455 10.921 250.42 166.841
internal_count=13460 12555 10343 2644 7699 3674 4025 3601 790 2811 2385 689 1696 1357 339 582 162 267 1466 740 1195 726 649 470 291 199 369 107 2212 1432
is_linear=0
shrinkage=0.05


Tree=18
num_leaves=31
num_cat=0
split_feature=18 52 18 50 38 21 47 54 21 21 43 11 37 7 54 54 16 42 7 47 1 50 6 50 37 47 42 38 43 4
split_gain=46.0424 14.6473 13.9469 15.5886 13.0618 20.8443 12.9973 12.5488 11.2742 10.725 10.3322 11.4098 9.9696 11.5486 9.84759 9.0379 9.68383 8.97695 11.2051 8.88733 8.73668 11.9816 12.1704 8.44501 11.2159 11.8872 10.0006 8.59215 8.41819 8.34591
threshold=0.0015815249472308482 0.77770178031117276 0.0023619817307231178 0.00083090967936218468 0.23558408386717644 -0.0024134052955811602 -0.00046245552097911593 0.0020610107026111913 0.0025107959588605527 -0.0030604950741645689 2.8474999999999973e-06 -0.5909853296413643 0.25651604567917863 5.5000000000000009 0.0035260779571886437 -0.0046493898790088096 0.066666390431902575 5.8095000000000012e-05 1.5000000000000002 -0.00029751184543103793 0.003466837184609091 0.0022401612494271682 12.500000000000002 -0.0003684489921254816 0.1121895591836711 -0.00047445800307849604 2.2215000000000003e-05 0.20999371909772316 6.9815000000000008e-05 7.518928571428563
decision_type=2 2 2 2 2 2 2 2 2 2 2 2 2 2 2 2 2 2 2 2 2 2 2 2 2 2 2 2 2 2
left_child=-1 2 17 4 7 6 9 15 14 -6 11 -9 13 -5 29 16 -4 -2 -19 -14 21 -3 -23 -17 25 -25 -26 -28 -12 -7
right_child=1 20 3 12 5 8 -8 10 -10 -11 28 -13 19 -15 -16 23 -18 18 -20 -21 -22 22 -24 24 26 -27 27 -29 -30 -31
leaf_value=-0.051423214702387934 -0.029996968982995111 0.013063865213411555 0.05325793243239222 -0.0008941600816185308 0.0061803881168398401 0.029705895152462143 0.11927459281536917 0.012271719416393722 -0.038781637892201078 0.083883258836997321 -0.015736351568814557 0.10677969224607722 -0.016824916553536066 0.064467979617276447 -0.048830796146178052 -0.015511949709740562 0.0034939911897853603 0.069563551189501624 -0.010625125896967473 0.054285586896758886 -0.0032863425929847917 0.018979406685082426 0.097162261439782474 0.094688451776084093 -0.039189170349039792 -0.0069564425791442622 -0.004104579916617849 0.049791634075067703 0.054008065251559191 0.0070896027055336267
leaf_weight=42.507750932127237 65.072221715003252 178.56856082007289 11.264819480478762 119.54738031327724 11.273643769323829 61.00767819583416 6.4252914935350409 5.8690523281693459 11.368420936167238 7.3270329609513292 13.702535390853884 7.0056992620229703 191.58298852294683 7.1628834903240195 6.3325150981545439 154.0537494122982 73.963188245892525 5.1872647181153289 27.198473643511534 4.4969714730978003 70.609723173081875 11.199196837842466 8.9599732011556608 6.5859703123569489 14.525780782103537 5.1067758575081807 29.6742999330163 9.8491793647408468 6.3229982852935782 123.10024355351925
leaf_count=905 870 1511 102 1174 89 528 52 65 118 60 151 68 2165 53 64 1597 694 57 357 46 674 109 76 62 152 55 313 99 64 1130
internal_value=-0.000245842 0.00148848 -0.00133685 0.000634673 0.0056443 0.0149253 0.0579664 -0.000585659 0.00958784 0.0367885 0.0287522 0.0636975 -0.00813025 0.00280074 0.0124753 -0.00375008 0.0100714 -0.0192915 0.0022188 -0.015194 0.0118211 0.0171889 0.0537287 -0.00910951 0.00589339 0.0502953 -0.0037123 0.00932626 0.00628523 0.0145839
internal_weight=1296.85 1254.34 985.007 887.549 564.759 226.835 25.026 337.924 201.809 18.6007 32.9003 12.8748 322.79 126.71 190.44 305.024 85.228 97.458 32.3857 196.08 269.337 198.728 20.1592 219.796 65.742 11.6927 54.0493 39.5235 20.0255 184.108
internal_count=13460 12555 10185 8901 5463 2041 201 3422 1840 149 348 133 3438 1227 1722 3074 796 1284 414 2211 2370 1696 185 2278 681 117 564 412 215 1658
is_linear=0
shrinkage=0.05


Tree=19
num_leaves=31
num_cat=0
split_feature=18 19 18 37 42 7 17 16 16 17 35 11 1 37 45 49 2 15 14 45 53 37 6 6 34 41 38 47 16 11
split_gain=43.5643 13.6545 11.8031 12.3315 17.4712 14.7 13.9592 12.6851 12.8739 11.5481 11.3918 11.8407 10.4799 13.0754 15.0355 13.5167 12.3058 10.3456 11.9034 9.76082 9.10181 8.74628 8.6797 9.61921 13.5081 13.1819 15.0458 10.762 8.64841 8.59559
threshold=0.0015815249472308482 0.00021098506486228084 0.0026773859617172093 0.94028091576242046 6.1250000000000006e-06 5.5000000000000009 0.93466369087863554 0.23076923076921968 0.24867017514078729 1.3649790995049849 0.245976574066712 0.021116280330319329 0.002989845235720115 0.12419630632527616 -0.00044851264216875538 0.0027683581679134642 0.0042002544507085847 0.36775982793086565 0.42805204703355432 -0.00031258128753481517 0.0054597518351603997 0.41213668430901446 1.0000000180025095e-35 18.500000000000004 0.051439840123122957 7.198500000000001e-05 0.20156240548332305 -0.00037037655674378725 0.10944739820214928 -0.52005477687717527
decision_type=2 2 2 2 2 2 2 2 2 2 2 2 2 2 2 2 2 2 2 2 2 2 2 2 2 2 2 2 2 2
left_child=-1 22 -3 5 -5 6 12 9 -9 -8 11 -11 13 14 -4 16 -15 18 -7 -14 -13 29 28 27 25 -25 -27 -24 -2 -10
right_child=1 2 3 4 -6 17 7 8 21 10 -12 20 19 15 -16 -17 -18 -19 -20 -21 -22 -23 23 24 -26 26 -28 -29 -30 -31
leaf_value=-0.051236981232442802 0.024549689837836595 -0.020243230529720945 0.057452239541609822 0.060292645373130227 -0.038386562869711323 0.11377239607304555 -0.015612222420147313 0.10329027432507938 0.08170467405828305 -0.0029474711760308714 -5.2712342046711775e-06 0.1282907736813067 -0.030817272858828189 -0.02652551240493696 -0.016594009319190427 0.068701594038568625 0.009797604695561412 -0.004366687924965894 0.030645736948906599 0.046148837372167587 0.036195621177101053 -0.012780366915836325 0.011503961629065513 -0.016463750328213584 0.061681764048465662 -0.022722811788026515 0.072587846413757678 -0.020067460679230067 -0.036586965784746295 0.021744613677779349
leaf_weight=40.577897518873215 7.8561952114105251 98.407617066055536 17.305613435804847 5.0920068845152846 37.658551618456841 6.0932553783059147 57.732400313019753 5.2787108570337287 7.4997399747371629 6.5447064489126232 33.199335381388664 5.3820950165390951 64.078871831297874 66.882526203989983 11.353437460958956 5.2086150646209708 35.797885976731777 11.332950003445147 14.686716310679911 4.4023411720991126 5.3493459671735764 13.762328028678892 530.51759913563728 99.922974318265915 7.0551789030432692 7.3019865192472961 9.5641815997660142 28.439517464488745 21.93712367862463 29.440487854182724
leaf_count=905 72 1201 155 48 427 53 603 48 66 68 312 50 721 758 118 57 398 108 134 48 50 143 4842 1099 59 72 90 278 217 260
internal_value=-0.000247422 0.00140111 -0.00457608 -0.00110427 -0.0266329 0.00161508 -0.00120703 0.00965708 0.0289791 -0.000339165 0.0171297 0.0500578 -0.0099071 -0.00190169 0.0281184 -0.00987607 -0.013862 0.0340624 0.0550207 -0.0258695 0.0823837 0.0212425 0.00595148 0.00710417 -0.00550376 -0.00956241 0.0313243 0.00989762 -0.0204659 0.0339179
internal_weight=1295.66 1255.08 542.49 444.082 42.7506 401.331 369.218 164.189 55.9813 108.208 50.4755 17.2761 205.029 136.548 28.6591 107.889 102.68 32.1129 20.78 68.4812 10.7314 50.7026 712.595 682.801 123.844 116.789 16.8662 558.957 29.7933 36.9402
internal_count=13460 12555 5826 4625 475 4150 3855 1600 517 1083 480 168 2255 1486 273 1213 1156 295 187 769 100 469 6729 6440 1320 1261 162 5120 289 326
is_linear=0
shrinkage=0.05


end of trees

feature_importances:
atr_percentile=44
stop_distance=43
hour_of_day=38
range_compression=36
funding_rate_abs=30
volatility_lookback=29
day_of_week=29
atr_proxy=28
mark_premium_mean_4=24
trend_strength=22
funding_rate_mean_4=20
lower_wick_ratio=17
funding_rate=17
mark_basis=16
sol_return_3=16
upper_wick_ratio=14
dist_ema_fast=14
btc_return_3=13
btc_volume_block=13
atr_normalized_range=12
log_return_3=11
volume_percentile=11
body_ratio=10
log_return_1=9
futures_pressure=9
log_return_6=7
range_1=7
sol_return_1=7
volume_zscore=6
relative_volume=6
fvg_age_candles=6
btc_return_1=6
session_newyork=4
dist_ema_slow=4
fvg_size_atr=4
btc_trend=4
breakout_volume_confirmation=3
sol_volume_block=3
session_london=2
sol_trend=2
ema_slow_slope=1
rejection_volume_confirmation=1
high_volatility_flag=1
mark_premium=1

parameters:
[boosting: gbdt]
[objective: binary]
[metric: binary_logloss]
[tree_learner: serial]
[device_type: cpu]
[data_sample_strategy: bagging]
[data: ]
[valid: ]
[num_iterations: 500]
[learning_rate: 0.05]
[num_leaves: 31]
[num_threads: 2]
[seed: 42]
[deterministic: 0]
[force_col_wise: 0]
[force_row_wise: 0]
[histogram_pool_size: -1]
[max_depth: -1]
[min_data_in_leaf: 50]
[min_sum_hessian_in_leaf: 0.001]
[bagging_fraction: 0.9]
[pos_bagging_fraction: 1]
[neg_bagging_fraction: 1]
[bagging_freq: 0]
[bagging_seed: 400]
[bagging_by_query: 0]
[feature_fraction: 0.9]
[feature_fraction_bynode: 1]
[feature_fraction_seed: 30056]
[extra_trees: 0]
[extra_seed: 12879]
[early_stopping_round: 0]
[early_stopping_min_delta: 0]
[first_metric_only: 0]
[max_delta_step: 0]
[lambda_l1: 0]
[lambda_l2: 0]
[linear_lambda: 0]
[min_gain_to_split: 0]
[drop_rate: 0.1]
[max_drop: 50]
[skip_drop: 0.5]
[xgboost_dart_mode: 0]
[uniform_drop: 0]
[drop_seed: 17869]
[top_rate: 0.2]
[other_rate: 0.1]
[min_data_per_group: 100]
[max_cat_threshold: 32]
[cat_l2: 10]
[cat_smooth: 10]
[max_cat_to_onehot: 4]
[top_k: 20]
[monotone_constraints: ]
[monotone_constraints_method: basic]
[monotone_penalty: 0]
[feature_contri: ]
[forcedsplits_filename: ]
[refit_decay_rate: 0.9]
[cegb_tradeoff: 1]
[cegb_penalty_split: 0]
[cegb_penalty_feature_lazy: ]
[cegb_penalty_feature_coupled: ]
[path_smooth: 0]
[interaction_constraints: ]
[verbosity: 1]
[saved_feature_importance_type: 0]
[use_quantized_grad: 0]
[num_grad_quant_bins: 4]
[quant_train_renew_leaf: 0]
[stochastic_rounding: 1]
[linear_tree: 0]
[max_bin: 255]
[max_bin_by_feature: ]
[min_data_in_bin: 3]
[bin_construct_sample_cnt: 200000]
[data_random_seed: 175]
[is_enable_sparse: 1]
[enable_bundle: 1]
[use_missing: 1]
[zero_as_missing: 0]
[feature_pre_filter: 1]
[pre_partition: 0]
[two_round: 0]
[header: 0]
[label_column: ]
[weight_column: ]
[group_column: ]
[ignore_column: ]
[categorical_feature: ]
[forcedbins_filename: ]
[precise_float_parser: 0]
[parser_config_file: ]
[objective_seed: 16083]
[num_class: 1]
[is_unbalance: 0]
[scale_pos_weight: 1]
[sigmoid: 1]
[boost_from_average: 1]
[reg_sqrt: 0]
[alpha: 0.9]
[fair_c: 1]
[poisson_max_delta_step: 0.7]
[tweedie_variance_power: 1.5]
[lambdarank_truncation_level: 30]
[lambdarank_norm: 1]
[label_gain: ]
[lambdarank_position_bias_regularization: 0]
[eval_at: ]
[multi_error_top_k: 1]
[auc_mu_weights: ]
[num_machines: 1]
[local_listen_port: 12400]
[time_out: 120]
[machine_list_filename: ]
[machines: ]
[gpu_platform_id: -1]
[gpu_device_id: -1]
[gpu_device_id_list: ]
[gpu_use_dp: 0]
[num_gpu: 1]

end of parameters

pandas_categorical:[]
