tree
version=v4
num_class=1
num_tree_per_iteration=1
label_index=0
max_feature_idx=56
objective=binary sigmoid:1
feature_names=log_return_1 log_return_3 log_return_6 range_1 atr_proxy volatility_lookback hour_of_day day_of_week session_asia session_london session_newyork volume_zscore relative_volume volume_percentile body_ratio upper_wick_ratio lower_wick_ratio atr_normalized_range stop_distance dist_ema_fast dist_ema_slow trend_strength trend_direction ema_slow_slope sweep_high_detected sweep_low_detected sweep_depth_atr sweep_rejection_ratio sweep_volume_zscore bullish_fvg_present bearish_fvg_present fvg_size_atr fvg_age_candles price_inside_fvg breakout_volume_confirmation rejection_volume_confirmation volume_block_strength atr_percentile range_compression high_volatility_flag market_regime funding_rate funding_rate_abs funding_rate_mean_4 funding_rate_std_4 mark_basis mark_premium mark_premium_mean_4 futures_pressure btc_return_1 btc_return_3 btc_trend btc_volume_block eth_return_1 eth_return_3 eth_trend eth_volume_block
feature_infos=[-0.079245424771289902:0.052676153475590584] [-0.10208175498977012:0.072340264490005357] [-0.11443692980587081:0.11167657673571128] [0.00046355313477814639:0.10167150158861721] [0:2.6778571428571425] [0:0.024757026989676318] [0:23] [0:6] [0:1] [0:1] [0:1] [-1.862593546466107:4.236316601655175] [0.084458113553671235:5836.0281999999997] [0:1] [0:1] [0:1] [0:1] [0:7.5936883629190994] [0:0.03536680565868891] [-0.078987156618561968:0.042037075422959591] [-0.10989486510194427:0.046716479619172933] [-0.032031642088539397:0.019497517574520395] [-1:1] [-0.0099013761174443823:0.0049005860922162704] [0:1] [0:1] [0:3.0682414698162743] [0:1] [-1.3791125665810042:4.1833156961486555] [0:1] [0:1] [0:4.8211920529801349] [0:999] [-1:1] [0:4.236316601655175] [0:3.9215019904033777] [0:4.4534558454569444] [0:1] [0:0.47468354430379939] [0:1] [-1:1] [-0.00049647000000000005:0.0001] [0:0.00049647000000000005] [-0.00049647000000000005:0.0001] [0:0.00028107720505227742] [-0.0019731106318542314:0.00072591881417646397] [-0.0019731106318542314:0.00072591881417646397] [-0.0016201111417774793:4.4798978772608115e-05] [-0.0017325785488306409:0.00074156188541129188] [-0.042987859726516954:0.034681446642307004] [-0.066498243478271851:0.052595133325355273] [-1:1] [0:4.3559803852000476] [-0.033159034716756866:0.056874486908954934] [-0.075866222961239196:0.058901978424821803] [-1:1] [0:4.4553227398709785]
tree_sizes=3372 3474 3434 3465 3503 3482 3480 3503 3485 3478 3482 3478 3468 3488 3482

Tree=0
num_leaves=31
num_cat=0
split_feature=1 18 17 6 50 12 37 38 32 19 52 38 18 6 7 45 6 42 3 2 45 20 20 7 48 6 48 50 18 20
split_gain=91.3588 67.1303 42.6188 30.2907 23.5872 28.3415 21.2771 24.4966 39.219 22.2104 19.5645 19.0682 17.9531 16.9187 25.6752 23.7852 21.8358 19.0724 16.7669 15.3252 14.427 14.9932 19.2513 14.109 17.6306 18.2009 19.0771 18.0515 17.7564 14.0655
threshold=-0.0040989886786277152 0.0019831647482313132 1.1383364602876824 4.5000000000000009 0.010510974608382788 2.1695980623184936 0.13095238095238171 0.28749262101534734 2.5000000000000004 0.00059886166552326184 0.70251862582741909 0.26484201310327188 0.002736818900930151 14.500000000000002 4.5000000000000009 -0.00061984628927110985 20.500000000000004 9.8675000000000013e-05 0.0031173149564605747 -0.0049424806349626692 -0.00060210984433352723 0.0038908596342243163 -0.00022096143032764948 5.5000000000000009 -0.00064942003390918161 12.500000000000002 -0.00052352232579718644 -0.0054405077734188826 0.0048923707251137295 0.00090502805329696688
decision_type=2 2 2 2 2 2 2 2 2 2 2 2 2 2 2 2 2 2 2 2 2 2 2 2 2 2 2 2 2 2
left_child=3 -2 6 11 10 -6 7 12 9 -9 -4 -1 -3 23 16 -16 -15 -18 -10 29 21 22 -14 24 -5 26 28 -27 -26 -8
right_child=1 2 4 13 5 -7 19 8 18 -11 -12 -13 20 14 15 -17 17 -19 -20 -21 -22 -23 -24 -25 25 27 -28 -29 -30 -31
leaf_value=-2.0407704164497451 -2.061751997504726 -2.0413699491538004 -2.0151464731038633 -1.9959963582952094 -1.8664699084889407 -2.0081776385383749 -2.0000243097224875 -1.857165003323044 -2.0322095164694391 -1.9843449748482429 -1.9868351596014882 -1.9585799330210731 -1.9961288848412786 -2.0235829864642039 -1.997183073275919 -1.8971314483093713 -2.008033038813835 -1.9075651502032767 -1.9329635356659829 -2.031175663666811 -2.0195442253444553 -2.054738749840332 -1.9143459313047075 -2.0168825419556975 -1.9633035240227208 -1.9590227696774776 -1.9848298520191603 -1.8504259873281712 -1.8662970941840022 -2.0623099914172593
leaf_weight=35.283890813589096 93.190982207655907 53.96359771490097 151.40940205007792 21.066558338701725 7.0567781627178174 7.0567781627178192 71.605543121695518 8.613420404493807 20.132572993636135 5.7076882198452941 102.21950720995665 8.8209727033972722 20.443901441991333 54.793806910514832 12.038033336400987 11.726704888045786 10.1700626462698 8.8209727033972722 5.3963597714900962 517.53165731579065 68.699810937047005 5.8114643692970267 11.10404799133539 10.896495692431925 10.585167244076727 6.6416735649108878 28.123336501419548 9.0285250023007375 8.5096442550420743 10.377614945173262
leaf_count=340 898 520 1459 203 68 68 690 83 194 55 985 85 197 528 116 113 98 85 52 4987 662 56 107 105 102 64 271 87 82 100
internal_value=-2.01528 -2.02106 -2.0175 -1.98696 -2.00024 -1.93732 -2.02328 -2.00916 -1.97408 -1.90785 -2.00374 -2.02433 -2.01789 -1.97839 -1.99301 -1.94781 -2.00757 -1.96137 -2.01123 -2.02799 -2.00595 -1.98094 -1.96734 -1.96336 -1.95641 -1.94315 -1.95864 -1.89645 -1.92007 -2.00791
internal_weight=1396.83 1160.32 1067.13 236.506 267.742 14.1136 799.388 199.873 39.85 14.3211 253.629 44.1049 160.023 192.401 97.5496 23.7647 73.7848 18.991 25.5289 599.515 106.059 37.3594 31.5479 94.8514 83.9549 62.8883 47.2181 15.6702 19.0948 81.9832
internal_count=13460 11181 10283 2279 2580 136 7703 1926 384 138 2444 425 1542 1854 940 229 711 183 246 5777 1022 360 304 914 809 606 455 151 184 790
is_linear=0
shrinkage=1


Tree=1
num_leaves=31
num_cat=0
split_feature=5 52 1 2 48 1 6 38 50 6 7 21 37 43 2 18 20 3 54 20 20 48 48 38 4 42 41 21 37 38
split_gain=82.3227 67.9379 35.3569 21.0489 24.0886 22.3181 18.77 22.4626 18.7162 18.8272 30.4646 46.1063 15.8557 15.337 17.3956 14.6528 14.6904 13.8441 13.7721 13.2129 24.648 12.4151 19.0447 11.2426 10.8176 10.8029 10.6298 9.76996 11.1466 9.605
threshold=0.0014016593296462508 0.82833458762481038 -0.0040989886786277152 -0.0056059123638441859 -0.00066157512072992635 -0.015295416553046866 3.5000000000000004 0.26400453798540507 0.010510974608382788 17.500000000000004 5.5000000000000009 0.00098133111948890293 0.16293345166435361 -0.00013265999999999997 -0.0059737355474817162 0.0061326109687362572 -0.0096231603547879234 0.00351930833120111 -0.0091166030628505625 -0.0028510885741302055 -0.0015768409162253115 -0.00057281780027784138 -0.0004604155649991526 0.33627963465390426 1.1021428571428562 7.5810000000000008e-05 2.2850000000000003e-05 -0.0011455621099012486 0.15062232048185406 0.22115751895163674
decision_type=2 2 2 2 2 2 2 2 2 2 2 2 2 2 2 2 2 2 2 2 2 2 2 2 2 2 2 2 2 2
left_child=-1 2 6 4 -3 -6 7 -2 9 29 12 -12 17 14 -8 16 -15 -11 -7 27 -21 -20 -23 -5 -17 -24 -19 28 -18 -4
right_child=1 3 8 23 5 18 13 -9 -10 10 11 -13 -14 15 -16 24 19 26 21 20 -22 22 25 -25 -26 -27 -28 -29 -30 -31
leaf_value=-0.034169124578023458 -0.043962670822561764 0.0043413701208161416 -0.0079612368345055914 0.015286600512897729 0.1530685135937038 0.0089753140924640328 0.11152655877822291 0.070122220137668695 0.064648263229795666 -0.016099761585577726 -0.00037007208052364997 0.16715132613497971 -0.032125723496412226 0.092801842756488562 0.019349904862709707 -0.0088135331815658788 0.086835634667622674 0.0065154864703878745 0.12469468517342595 0.13012348561242645 0.018505873766745427 0.011140943286785483 0.04776606198737679 0.071939701640797701 0.060952014128160939 0.1408813726389192 0.096854376019305466 -0.02512454399377639 0.0053345113566336567 0.004601676639765284
leaf_weight=156.7401514723897 19.946135550737385 19.649117730557919 294.92509417980909 145.65196520835161 6.901298612356185 11.384637542068957 10.678320527076723 5.5055558905005446 9.4521287977695447 34.532827079296112 20.443349495530132 5.1400256454944602 159.4288085103035 9.6788707301020604 9.8304690495133382 43.745399340987206 5.9096428900957099 7.9100285470485669 8.5340316146612114 7.4837179780006435 14.585944354534147 12.48650602996349 5.733598642051227 9.3172401487827283 6.3647441789507857 6.8197752088308334 5.5345828533172607 14.133942455053331 14.461113810539244 314.26757414638996
leaf_count=1541 196 188 2858 1383 64 107 99 51 88 334 198 50 1550 90 92 415 55 76 80 70 137 117 54 88 60 63 53 132 136 3035
internal_value=-2.61589e-05 0.00428811 -0.00124211 0.0290473 0.0514868 0.0693497 0.020144 -0.0192845 -0.00531836 -0.00610362 -0.018192 0.0332871 -0.0245419 0.0274759 0.0673436 0.0204493 0.0358798 0.000658976 0.0564985 0.0261414 0.0563549 0.0726132 0.054863 0.0186928 4.77438e-05 0.0983521 0.0437042 0.00681651 0.0289783 -0.00148034
internal_weight=1397.18 1240.44 1013.96 226.478 71.509 51.8598 162.324 25.4517 851.634 842.182 232.99 25.5834 207.406 136.872 20.5088 116.363 66.2532 47.9774 44.9585 56.5744 22.0697 33.5739 25.0399 154.969 50.1101 12.5534 13.4446 34.5047 20.3708 609.193
internal_count=13460 11919 9775 2144 673 485 1533 247 8242 8154 2261 248 2013 1286 191 1095 620 463 421 530 207 314 234 1471 475 117 129 323 191 5893
is_linear=0
shrinkage=0.05


Tree=2
num_leaves=31
num_cat=0
split_feature=5 52 1 2 48 52 6 38 6 7 20 5 37 13 12 19 3 53 2 20 50 52 17 5 4 41 2 38 15 53
split_gain=76.2904 59.4874 31.7662 19.3328 19.5799 18.1538 17.1279 20.333 16.9721 28.1429 40.9462 16.3278 16.3049 15.6912 19.4279 15.395 14.826 14.5089 13.0889 15.7605 12.511 12.4556 11.9184 10.2649 10.0223 9.87081 9.4262 14.483 9.47322 9.91147
threshold=0.0013697708756776896 0.82833458762481038 -0.0040989886786277152 -0.0027724500824064446 -0.00066157512072992635 2.374069960113526 3.5000000000000004 0.26400453798540507 17.500000000000004 5.5000000000000009 0.0015029421282430288 0.0026264997382786977 0.16293345166435361 0.16360327409550665 1.2988679860669892 -0.0003750469484079646 0.00351930833120111 -0.0071993142548839066 -0.00032680211045307426 -0.010241306798291465 0.010510974608382788 0.95165917549912626 1.0666666666666538 0.00439343597838224 0.76928571428571113 9.7700000000000017e-05 -0.0013061808132795016 0.30564998726763498 0.15909090909090789 0.0035012849448605135
decision_type=2 2 2 2 2 2 2 2 2 2 2 2 2 2 2 2 2 2 2 2 2 2 2 2 2 2 2 2 2 2
left_child=-1 2 6 4 -3 21 7 -2 20 12 -11 -7 16 14 15 18 25 -13 19 23 -4 -6 -5 -8 -21 -10 -24 28 29 -28
right_child=1 3 8 22 5 11 13 -9 9 10 -12 17 -14 -15 -16 -17 -18 -19 -20 24 -22 -23 26 -25 -26 -27 27 -29 -30 -31
leaf_value=-0.034787748887981057 -0.043447074833795771 0.0055095765564459592 -0.0015945002564237084 -0.0098334132505067794 0.10553334926619524 0.041309642534892374 0.12958569654577251 0.063131990903025723 -0.030115599406007665 -0.013336860938590295 0.1173851842479669 0.078008689452290003 -0.030615328439172407 0.0056797411506352381 0.12934456097647795 -0.032191794456046127 0.045561844440308794 0.18338866311210397 0.10312124753547131 0.012265891693708819 0.069125325848644212 0.031394496783198535 -0.027162932271725688 0.037024187295850157 0.082664641545788453 0.031869358216750319 0.01544260819321226 0.085579614155138956 0.0087601300387574344 0.077474768645960881
leaf_weight=141.9741917476058 19.575799025595192 25.681175649166107 615.1307467892766 37.312939159572124 6.4462522491812697 8.6418517678976077 6.1439892277121526 5.8012283071875563 26.53511618077755 17.310647867619995 9.1603806614875776 6.634077288210392 158.99591238796711 58.146959409117699 5.6207343786954871 8.0903092771768552 14.132710233330725 6.434229798614977 7.48952992260456 43.236633740365505 6.3181317821145049 46.755774334073067 8.3826194703578931 5.8444587886333466 5.7251209914684287 8.4737862050533277 13.12877416610718 9.8109690770506841 51.72443463653326 12.638099223375319
leaf_count=1435 199 244 5959 357 58 80 54 51 261 167 83 58 1581 537 50 76 131 57 69 398 56 420 78 54 53 82 123 90 482 117
internal_value=-4.74532e-05 0.00388159 -0.00132273 0.0266454 0.0431851 0.0561009 0.0187177 -0.0190829 -0.0052012 -0.0166594 0.0318999 0.0946318 -0.0228352 0.0255551 0.039623 0.0330334 0.00233703 0.129893 0.0407437 0.0330788 -0.000875508 0.0403776 0.0141356 0.0844613 0.0204977 -0.0151124 0.0234824 0.0283453 0.021099 0.0458681
internal_weight=1397.3 1255.32 1021.73 233.591 100.593 74.9122 165.675 25.377 856.057 234.609 26.471 21.7102 208.138 140.298 82.1508 76.53 49.1416 13.0683 68.4397 60.9502 621.449 53.202 132.998 11.9884 48.9618 35.0089 95.6849 87.3023 77.4913 25.7669
internal_count=13460 12025 9861 2164 917 673 1541 250 8320 2305 250 195 2055 1291 754 704 474 115 628 559 6015 478 1247 108 451 343 890 812 722 240
is_linear=0
shrinkage=0.05


Tree=3
num_leaves=31
num_cat=0
split_feature=18 17 52 19 37 43 38 5 52 6 6 56 38 5 14 37 54 48 37 5 16 1 48 11 48 43 18 4 43 53
split_gain=71.5496 52.0457 24.0935 23.4303 20.5499 20.4587 16.6342 16.0051 15.7782 18.3248 18.6031 28.9318 16.3227 17.2268 15.7706 14.8679 18.7771 14.8216 14.411 13.5915 14.2889 13.2698 25.4092 12.8248 12.1488 11.9801 11.9271 11.7922 11.6122 11.4407
threshold=0.002431607878549119 1.1582121164382337 0.70251862582741909 -0.0012685000879198432 0.12924141927500579 -0.00013406374999999995 0.23578913132073123 0.0025941588979708297 0.034985304704227629 10.500000000000002 14.500000000000002 0.50507325737544095 0.30894154993106671 0.00261538453468531 0.077395964691067257 0.27389106327462093 -0.0069774761981043201 -0.00027126770700459821 0.13349600814953616 0.0028061896037703438 0.37037037037037285 -0.011384771460143715 -0.00061282309696259602 0.1184432897235347 -0.0004474941102284081 -0.00015215749999999997 0.0019831647482313132 0.29714285714285948 3.368625e-05 0.0011689402208430312
decision_type=2 2 2 2 2 2 2 2 2 2 2 2 2 2 2 2 2 2 2 2 2 2 2 2 2 2 2 2 2 2
left_child=26 3 17 5 6 15 -5 23 12 -10 11 -11 29 -14 -4 18 -17 24 -2 -9 -21 22 -16 -8 25 -3 -1 -25 -12 -7
right_child=1 2 14 4 -6 8 7 19 9 10 28 -13 13 -15 21 16 -18 -19 -20 20 -22 -23 -24 27 -26 -27 -28 -29 -30 -31
leaf_value=-0.043779940393130351 0.035248162948310964 0.075729417308285224 0.1118907322893485 -0.010189265481360685 -0.013210646681184627 -0.0015933023836604112 -0.00070950506547282468 0.13263914828679671 -0.0014652792851544681 0.13636886670732337 -0.012008204211711913 0.0062969209115790225 -0.0099931721232057995 0.11443362399608917 0.0041219776004968508 0.095717528352963266 -0.0034795311630021006 0.055318825669391607 0.14993578795267648 -0.002832926511472043 0.10191863480548541 0.025056144593648362 0.10954390930981094 0.11340344983312108 -0.020103340430435379 0.0071892823759438576 -0.016956603590198644 0.010705590004988432 0.068325186653045128 -0.036040277830461785
leaf_weight=86.164453715085983 5.412792854011057 6.7699426114559165 6.2056720256805411 62.391423664987087 453.87607918679714 142.28511212766171 44.626087956130505 5.2777964547276524 36.910781979560852 10.841229222714903 13.366023913025858 7.0586031824350348 5.3249479085206968 5.8243621215224266 9.8070622012019175 6.5194379314780226 17.78391366451979 14.69472314417362 5.5449941009283066 8.3168863579630834 5.3494619578123084 144.48756622523069 13.700543001294134 5.2856949567794782 42.334649868309498 109.40535125136375 79.847351215779781 5.9323614314198494 6.7804346531629553 29.020397357642651
leaf_count=905 50 62 56 602 4465 1362 428 50 345 98 126 63 50 53 91 57 168 138 50 78 50 1305 113 50 407 1044 795 57 63 279
internal_value=-6.54728e-05 0.00408951 0.020486 -0.00235617 -0.00808513 0.00921354 0.00887326 0.024776 0.0043208 0.0236341 0.0479843 0.0850764 -0.00361359 0.055007 0.0336158 0.0449313 0.0231303 0.00728073 0.0932838 0.0644891 0.0381703 0.0307243 0.0655633 0.011304 0.00282734 0.0111834 -0.0308786 0.0590945 0.0150286 -0.00742887
internal_weight=1397.15 1231.13 347.406 883.729 591.056 292.673 137.18 74.7883 257.412 74.9571 38.0463 17.8998 182.455 11.1493 174.201 35.2611 24.3034 173.205 10.9578 18.9441 13.6663 167.995 23.5076 55.8441 158.51 116.175 166.012 11.2181 20.1465 171.306
internal_count=13460 11760 3216 8544 5780 2764 1315 713 2439 695 350 161 1744 103 1565 325 225 1651 100 178 128 1509 204 535 1513 1106 1700 107 189 1641
is_linear=0
shrinkage=0.05


Tree=4
num_leaves=31
num_cat=0
split_feature=18 17 19 52 37 43 7 8 21 38 10 54 21 45 52 38 12 5 53 4 48 14 0 48 1 32 14 20 18 48
split_gain=65.9641 46.1801 21.1023 20.7448 18.6761 17.6057 14.8309 16.9355 29.3761 14.729 14.3421 20.9593 14.097 16.6803 13.9279 14.1953 13.9128 13.7666 13.6715 12.866 12.7085 12.4173 12.9318 13.8828 12.1526 11.7857 15.0046 14.0146 11.6015 11.0172
threshold=0.002431607878549119 1.1582121164382337 -0.0012685000879198432 0.70251862582741909 0.12924141927500579 -0.00013406374999999995 5.5000000000000009 1.0000000180025095e-35 0.0012954036712561144 0.23106830130827813 1.0000000180025095e-35 -0.00053755308297829478 -0.0040884801412641178 -0.00069794592460769862 0.034985304704227629 0.30894154993106671 0.4813069167885024 0.00261538453468531 2.0381332546285827e-05 0.30357142857142611 -0.00027126770700459821 0.077395964691067257 -0.0075242120413609613 -0.00068763994558635594 -0.0053203771298573699 4.5000000000000009 0.13793103448275612 0.0025159805315792421 0.0019831647482313132 -0.0004474941102284081
decision_type=2 2 2 2 2 2 2 2 2 2 2 2 2 2 2 2 2 2 2 2 2 2 2 2 2 2 2 2 2 2
left_child=28 2 5 20 9 12 10 8 -8 -4 11 19 24 -14 15 -7 -13 -17 -16 -6 29 -5 23 -23 -2 26 -11 -27 -1 -3
right_child=1 3 4 21 6 14 7 -9 -10 25 -12 16 13 -15 18 17 -18 -19 -20 -21 -22 22 -24 -25 -26 27 -28 -29 -30 -31
leaf_value=-0.043095052134409395 0.055131879042148113 0.010527259463914834 -0.011097812176080265 0.097715267195468081 0.07154292035499929 -0.0071016007864616731 0.0045997673332079658 -0.028110716518545027 0.1032673935829813 0.10385441981987796 -0.027238911065661453 -0.037308816751982242 0.11282351565973879 0.025968283984035903 0.0061448810423258005 -0.0095675438853535036 -0.0063385165142598775 0.099728019072329713 0.050251705881502774 0.0070819984322274309 0.050361927833297751 -0.0027432523383130224 0.023383644105787096 0.089474808715461707 -0.038149714393065866 -0.013284897514030523 0.026219917838244539 0.07137117248724334 -0.016327366843188067 -0.019402107365745873
leaf_weight=83.231911078095436 6.1638819053769103 117.16497945040464 57.143358327448368 6.7355754524469367 8.9858699142932874 170.34161199629307 31.042178340256214 19.411792524158955 9.9654484018683416 7.4490789100527754 168.58839543908834 57.643798463046551 10.261579163372515 11.982721209526064 48.892317451536655 5.2847955003380758 97.767161443829536 6.3345278725028038 27.423050433397293 55.870903566479683 15.316990263760088 5.5378833040595081 150.7795736938715 15.514980070292948 8.0533499121665937 29.862296655774117 37.837380446493626 5.8458420708775511 78.80543290823698 41.688248611986637
leaf_count=905 51 1106 556 56 89 1641 302 192 91 68 1698 574 90 107 446 50 966 53 249 553 138 52 1333 124 77 284 352 55 795 407
internal_value=-8.22009e-05 0.00385358 -0.0022606 0.0191443 -0.00773844 0.00865676 -0.012682 0.0103644 0.0285774 0.00833988 -0.0162629 -0.0078621 0.0411807 0.0660357 0.00406527 -0.00345421 -0.0178258 0.0500173 0.0219942 0.016013 0.00686673 0.0311195 0.0285091 0.0652172 0.00229253 0.0220536 0.0389899 0.000574296 -0.0300768 0.00267282
internal_weight=1396.93 1234.89 882.151 352.738 587.414 294.738 449.276 60.4194 41.0076 138.138 388.856 220.268 36.4615 22.2443 258.276 181.961 155.411 11.6193 76.3154 64.8568 174.17 178.568 171.832 21.0529 14.2172 80.9946 45.2865 35.7081 162.037 158.853
internal_count=13460 11760 8544 3216 5780 2764 4465 585 393 1315 3880 2182 325 197 2439 1744 1540 103 695 642 1651 1565 1509 176 128 759 420 339 1700 1513
is_linear=0
shrinkage=0.05


Tree=5
num_leaves=31
num_cat=0
split_feature=5 17 19 52 4 7 6 18 38 6 5 32 6 42 52 2 38 13 6 1 48 5 41 20 6 54 45 3 15 10
split_gain=61.7368 41.4245 20.5546 17.4499 13.605 16.5043 19.3865 20.1413 22.6781 13.5101 17.737 13.2248 12.1455 15.1039 14.9305 13.9061 12.0687 11.9087 14.9997 11.8916 15.2253 13.1022 11.8898 11.1975 17.7684 10.8815 12.7255 15.1645 14.0014 11.1617
threshold=0.0013697708756776896 1.1582121164382337 -0.0012685000879198432 0.70251862582741909 0.39500000000000063 5.5000000000000009 5.5000000000000009 0.0057423465977790239 0.23578913132073123 17.500000000000004 0.0032520845182320564 6.5000000000000009 3.5000000000000004 0.00013120000000000002 0.034985304704227629 -0.0045274763696012523 0.3039334142094044 0.17180063979806862 10.500000000000002 0.0038970426853403533 -0.00068763994558635594 0.0052275106598461208 1.0985000000000002e-05 0.0051798966086179501 11.500000000000002 -0.0007123760888932668 -0.00067022172056054963 0.0027933912483446986 0.39999999999995745 1.0000000180025095e-35
decision_type=2 2 2 2 2 2 2 2 2 2 2 2 2 2 2 2 2 2 2 2 2 2 2 2 2 2 2 2 2 2
left_child=-1 2 11 -3 23 9 -7 -8 -9 10 -6 12 -2 14 22 -15 -13 18 -16 20 -5 -22 -14 25 -25 29 27 28 -27 -4
right_child=1 3 4 19 5 6 7 8 -10 -11 -12 16 13 15 17 -17 -18 -19 -20 -21 21 -23 -24 24 -26 26 -28 -29 -30 -31
leaf_value=-0.032632683482907272 -0.012057446446148069 0.0064762758169100076 0.024838553268827876 -0.002360979385753954 -0.030589647931686021 -0.044403152089843557 0.11251129591432428 -0.039825995672020942 0.090666445096945825 -0.034296702244754694 0.0011521528867373448 -0.023390647203565137 -0.014318797775393178 0.07256524422287651 0.015784056940378412 7.6431299833311134e-05 0.049104250303143471 0.0070596892303645955 0.084723170037788911 0.0087348843800996896 0.03845645172839178 0.097073656801181935 0.017120904714988307 0.00088151755673458265 0.088222106439939801 -0.031656126754673511 -0.014993451480938461 0.071790262243061911 0.059382619672227889 -0.018873403927384801
leaf_weight=132.01427821815014 40.297653175890446 179.85992424935102 54.528465390205383 20.986821353435516 71.45807559043169 8.3295381590724009 7.3591695874929455 8.6473702192306501 5.4140214100480071 93.997777417302132 114.57885964214802 46.507919639348984 56.534783974289894 21.392039038240913 14.349812887609007 9.5786049291491491 6.5494385212659827 24.000027678906918 17.528102174401283 54.250003352761269 97.898639731109142 10.56154467910528 64.243681140244007 16.557064644992355 8.9821477159857732 14.031095542013651 160.31280624866486 9.7359097898006421 6.0420470461249343 19.945991337299347
leaf_count=1435 389 1699 522 192 705 83 67 80 50 973 1135 448 542 179 129 87 57 213 151 474 827 82 613 163 89 137 1586 95 60 198
internal_value=-9.64114e-05 0.0033005 -0.00244852 0.0175467 -0.00779798 -0.0150849 0.020323 0.0454923 0.0104172 -0.0188465 -0.0110401 0.00821406 0.0130626 0.017938 0.0122915 0.0501459 -0.0144418 0.0336621 0.0536903 0.0283859 0.0366214 0.0441644 0.0024044 -1.75695e-05 0.0315992 -0.00306927 -0.00941542 0.0205832 -0.00425332 0.0131315
internal_weight=1396.47 1264.46 900.902 363.557 599.92 309.785 29.7501 21.4206 14.0614 280.035 186.037 300.982 247.925 207.627 176.656 30.9706 53.0574 55.8779 31.8779 183.697 129.447 108.46 120.778 290.136 25.5392 264.596 190.122 29.8091 20.0731 74.4745
internal_count=13460 12025 8751 3274 5943 3093 280 197 130 2813 1840 2808 2303 1914 1648 266 505 493 280 1575 1101 909 1155 2850 252 2598 1878 292 197 720
is_linear=0
shrinkage=0.05


Tree=6
num_leaves=31
num_cat=0
split_feature=18 52 37 6 2 49 1 31 13 21 38 18 45 42 32 34 2 47 52 48 23 23 37 1 37 2 15 47 7 19
split_gain=58.1621 36.2616 21.9966 20.8453 18.9918 24.4421 18.6933 22.6896 19.7065 23.89 16.5383 16.4041 25.8428 18.809 15.3037 14.3239 14.09 12.5235 18.4592 12.29 12.0114 17.8291 11.8928 13.5869 11.3294 13.5926 11.1917 13.0405 11.0352 24.4849
threshold=0.0019831647482313132 0.016677322788746864 0.074858233762493134 10.500000000000002 -0.0050638914612519906 0.00054254238260227443 -0.0047529765911380915 0.10714285714286118 0.20299418455726012 0.0013287424380927753 0.23333333333333398 0.0027019582643620383 -0.00059615564776645009 9.0040000000000012e-05 2.5000000000000004 0.75823011765409654 0.0057879207337791011 -0.00053678399872802149 1.7839756445072485 -0.00043473866233659778 -0.00045743297572823461 -0.0013106379655112976 0.16470588235293931 -0.0037544602327253605 0.84915407280676969 -0.015760484429713919 0.076923076923116881 -0.00058896194220306333 5.5000000000000009 0.0018677814554045082
decision_type=2 2 2 2 2 2 2 2 2 2 2 2 2 2 2 2 2 2 2 2 2 2 2 2 2 2 2 2 2 2
left_child=-1 2 10 17 5 19 7 -4 9 -9 16 -12 14 -14 -13 -6 -2 18 -3 24 21 -7 23 -19 -5 -26 -17 -28 -8 -30
right_child=1 3 6 4 15 20 28 8 -10 -11 11 12 13 -15 -16 26 -18 22 -20 -21 -22 -23 -24 -25 25 -27 27 -29 29 -31
leaf_value=-0.041927434516630953 -0.013181823730158082 0.0029692836911088638 -0.0033940782823245266 0.00066763057100683871 0.0050780291559546368 0.12866336818206617 -0.01363957447086604 0.11965949238273797 -0.010449676084699502 -0.0039912129709702045 0.00026773684734332932 0.16126130311120021 0.057234774423062122 -0.025296899389155622 0.06200974607902298 0.10164305162312677 0.067413752367143143 0.068621616568014562 0.051441987662914128 0.065032741155116522 0.14713079933411852 0.024802354758224267 -0.022040002932794969 -0.0026962639415325216 0.0037368161481362789 0.10662569606176378 0.07650490677291899 0.010013115245126908 -0.0084885130186220237 0.054734786143012262
leaf_weight=78.472857616841793 53.049845263361931 89.919100239872932 57.489766217768192 38.988877348601818 137.43621829897165 6.6755495965480849 511.31118799000978 12.665563635528093 8.5399022325873357 5.6483082920312873 27.329679787158966 6.1661228612065342 15.316864654421808 12.56782468408346 10.493113562464712 5.9617012962698928 6.0402944535017005 8.306777395308016 25.129711233079433 15.339141517877577 5.8483863100409499 10.844628252089024 72.715535528957844 34.064625412225723 6.4657301753759384 6.3749314248561841 10.086077958345411 27.422492638230324 69.652751952409744 19.629552401602268
leaf_count=905 522 836 525 325 1275 55 5128 110 78 53 272 54 143 116 97 52 58 72 216 123 50 91 677 319 55 54 91 245 683 180
internal_value=-0.000109085 0.00238173 -0.00412215 0.0129614 0.0223468 0.0410419 -0.00771202 0.0143301 0.0522747 0.0815235 0.0146528 0.0307634 0.0494739 0.0200372 0.098746 0.0129906 -0.00494321 0.00189125 0.013557 0.0257184 0.0850865 0.0643755 -0.00977064 0.0112854 0.0140831 0.0548175 0.0380072 0.0278928 -0.0108075 0.00541172
internal_weight=1395.95 1317.48 815.901 501.579 271.444 90.5372 684.937 84.3435 26.8538 18.3139 130.964 71.8736 44.5439 27.8847 16.6592 180.906 59.0901 230.136 115.049 67.1687 23.3686 17.5202 115.087 42.3714 51.8295 12.8407 43.4703 37.5086 600.593 89.2823
internal_count=13460 12555 8019 4536 2416 753 6757 766 241 163 1262 682 410 259 151 1663 580 2120 1052 557 196 146 1068 391 434 109 388 336 5991 863
is_linear=0
shrinkage=0.05


Tree=7
num_leaves=31
num_cat=0
split_feature=18 17 19 37 38 52 43 38 48 48 18 14 11 48 23 52 13 23 4 15 48 0 14 42 53 55 13 45 21 53
split_gain=54.2566 35.3268 17.804 15.1736 15.5584 14.8155 13.5359 18.7256 11.0956 13.1028 10.375 11.3332 10.2755 9.70203 15.6181 13.5398 10.2643 11.9454 9.94737 9.689 9.23255 14.0667 11.451 9.00111 17.2925 19.6 12.1247 8.7116 8.67774 12.9178
threshold=0.0019831647482313132 1.1582121164382337 -0.0012685000879198432 0.12924141927500579 0.23106830130827813 0.70251862582741909 -0.00020283499999999998 0.22533575285784388 -0.00027126770700459821 -0.0004474941102284081 0.0039654964138191489 0.18181818181815954 -0.72816558231469208 -0.00054495795555407466 -0.00016874280971619304 0.42104635636305543 0.15419028496809692 -0.00044058723361445161 0.42928571428571322 0.56048780487803984 -0.00068763994558635594 -0.0080124979348294417 0.077395964691067257 5.2505000000000006e-05 -0.00045436255521736897 1.0000000180025095e-35 0.14127793807047295 -0.00025925260085092535 -0.00032036093369709507 -0.0023460247250045034
decision_type=2 2 2 2 2 2 2 2 2 2 2 2 2 2 2 2 2 2 2 2 2 2 2 2 2 2 2 2 2 2
left_child=-1 2 6 4 -4 8 7 -2 9 12 23 -12 -3 14 15 -8 17 -17 -16 -14 -7 -22 -23 24 -6 -26 -25 -10 29 -24
right_child=1 5 3 -5 10 20 13 -9 27 -11 11 -13 19 -15 18 16 -18 -19 -20 -21 21 22 28 26 25 -27 -28 -29 -30 -31
leaf_value=-0.041246330429591728 -0.00111586941558482 0.059603073187151051 -0.013263626181612998 -0.012525571038531297 -0.023901913154162582 -0.0024494023715145924 -0.00023660228707587653 0.11634911532575945 0.092159169133392851 -0.022001166535440386 0.10535558473617029 0.026468592939736548 0.0017548230568874346 -0.0051404868856196346 0.019016199936083472 0.10592581468767687 0.0090629085787141267 0.012488664852488705 0.097150061425932008 0.061692040253708794 0.073405997714348956 0.085630199039007607 0.0067580059886486856 -0.014483376001425083 0.11367806076594894 0.0073763377361674405 0.062671528428022316 0.016897889788726594 0.0099552473949921037 0.051746336523399619
leaf_weight=75.847254611551762 7.0274111032485944 9.4323018565773946 67.263643637299538 460.76656226068735 9.1098136231303233 27.255941145122051 111.81227464228868 6.5599021315574646 5.9933993071317699 44.955712132155895 6.1112765073776272 17.853298097848892 111.45012360066175 137.64217258989811 7.8898625448346165 8.516724079847334 14.937975138425825 5.7165372148156193 8.4215451776981336 7.1767567694187155 16.073114708065987 7.2384645491838446 25.978893145918846 40.220121219754219 8.7790490761399269 8.5685096979141235 5.8300431594252577 10.726317472755907 78.924595467746258 41.358682125806808
leaf_count=905 61 88 673 4692 87 242 1053 52 51 445 51 158 1041 1290 74 71 129 51 78 69 115 55 209 387 81 82 53 94 679 344
internal_value=-0.000122775 0.00224092 -0.0030249 -0.00787958 0.00519466 0.0149507 0.00680172 0.0555958 0.00498085 0.00122209 0.0180644 0.0465858 0.00937471 0.00455385 0.013037 0.00767791 0.038014 0.0683984 0.0593565 0.00538094 0.0245612 0.0289027 0.0242427 0.00863775 0.0318795 0.0611723 -0.00471541 0.0438763 0.0212047 0.0343898
internal_weight=1395.44 1319.59 933.027 624.502 163.736 386.564 308.524 13.5873 189.735 173.015 96.4721 23.9646 128.059 294.937 157.295 140.984 29.1712 14.2333 16.3114 118.627 196.83 169.574 153.501 72.5075 26.4574 17.3476 46.0502 16.7197 146.262 67.3376
internal_count=13460 12555 9123 6264 1572 3432 2859 113 1788 1643 899 209 1198 2746 1456 1304 251 122 152 1110 1644 1402 1287 690 250 163 440 145 1232 553
is_linear=0
shrinkage=0.05


Tree=8
num_leaves=31
num_cat=0
split_feature=5 17 19 43 52 37 38 7 8 21 10 54 12 12 37 5 21 20 42 21 11 14 2 37 38 32 3 37 21 5
split_gain=50.8275 31.7378 16.3263 11.6082 11.5812 11.0173 13.062 11.5159 17.9278 23.4465 12.2995 16.8579 14.9511 14.7834 11.7005 11.1762 18.552 20.0708 11.8718 11.7988 12.9779 12.6233 10.7532 14.7153 14.3948 10.3463 11.5076 12.9167 13.8823 13.0989
threshold=0.0014016593296462508 1.1582121164382337 -0.0012685000879198432 -0.00013041249999999995 2.8674388622435392 0.11764705882352954 0.19396905103504886 5.5000000000000009 1.0000000180025095e-35 0.0011003360807399383 1.0000000180025095e-35 -0.00050404312829496159 0.4813069167885024 0.28550373723171801 0.49856940677931433 0.0025941588979708297 0.00068819015613763514 -8.894871981923482e-05 5.3360000000000011e-05 -0.00088832832587763995 -0.047240098355375522 0.30769230769238759 -0.0032055123858406392 0.22774869109947107 0.21687841144362918 7.5000000000000009 0.018786909408916207 0.32228327228327175 -0.001321414979882437 0.0037626876163401935
decision_type=2 2 2 2 2 2 2 2 2 2 2 2 2 2 2 2 2 2 2 2 2 2 2 2 2 2 2 2 2 2
left_child=-1 2 3 22 25 6 -4 10 9 14 11 13 -13 -7 -9 19 17 -17 -18 -8 -21 -22 23 -2 -25 26 27 28 -3 -30
right_child=1 4 5 -5 -6 7 15 8 -10 -11 -12 12 -14 -15 -16 16 18 -19 -20 20 21 -23 -24 24 -26 -27 -28 -29 29 -31
leaf_value=-0.029366556512301863 0.10104597634637465 0.049356127454457457 -0.028539296108988112 0.0032317620339236881 0.04082633411221296 0.079312542247550383 -0.033801159050722437 0.031882755860232745 -0.031069196543403801 0.082057913002513361 -0.02462421713591028 -0.036271478080346149 -0.0038871323672185626 0.0059065343341627979 -0.028020734975882079 0.017230087172267452 0.040913405068832676 0.12355502318124918 -0.05024277771244591 0.00038952993474070335 0.11016951032857808 0.014830386344811273 -0.01807447003541017 -0.0089878818411398605 0.064429788504152638 -0.007761647266860381 0.068200625572603299 0.0031490242216972719 0.0077080969802884834 0.067286670484448266
leaf_weight=134.35072442889214 8.4189101755619031 40.977504193782806 23.429841384291649 259.34606327861547 39.574395246803761 7.7416020929813376 17.471092462539673 16.924928389489651 19.917976334691048 13.172527119517325 161.30308163911104 55.896513037383556 98.348762266337872 60.150931283831596 15.725297421216963 8.6819766759872437 7.0997146144509298 9.080866776406765 7.187944620847702 49.001495383679867 5.9513382762670508 8.3336539119482023 8.921422213315962 14.305823020637037 12.518861033022402 54.244126908481121 10.213676013052462 133.87422055751085 82.146222822368145 10.392768904566763
leaf_count=1541 66 351 237 2421 315 78 169 163 204 109 1707 589 998 598 153 77 63 77 66 473 52 77 82 125 97 485 81 1176 739 91
internal_value=-0.000131475 0.00298492 -0.00214385 0.00726695 0.0152596 -0.00702288 0.00543189 -0.0108004 0.00853434 0.025749 -0.0141154 -0.00648451 -0.0156228 0.0142768 0.00303149 0.0124876 0.0374693 0.0715864 -0.00494614 0.00257303 0.0126146 0.0545501 0.0309624 0.0433754 0.0252755 0.0122107 0.0161133 0.0141237 0.0251278 0.0143992
internal_weight=1394.7 1260.35 888.931 303.511 371.423 585.42 136.238 449.182 65.7407 45.8228 383.441 222.138 154.245 67.8925 32.6502 112.808 32.0505 17.7628 14.2877 80.7576 63.2865 14.285 44.165 35.2436 26.8247 331.849 277.604 267.391 133.516 92.539
internal_count=13460 11919 8681 2791 3238 5890 1291 4599 629 425 3970 2263 1587 676 316 1054 283 154 129 771 602 129 370 288 222 2923 2438 2357 1181 830
is_linear=0
shrinkage=0.05


Tree=9
num_leaves=31
num_cat=0
split_feature=18 17 32 19 37 52 43 7 6 21 37 6 42 42 3 5 37 20 37 6 11 19 18 2 56 45 5 21 20 4
split_gain=48.2968 28.3168 14.6013 15.6819 17.0761 12.1887 11.4557 11.4454 19.9316 19.6037 13.7678 12.6855 11.0039 21.2552 19.1714 17.2891 21.0163 15.0396 19.6943 14.8965 25.3016 13.6697 11.7085 10.7305 10.4208 10.2042 9.98193 27.0314 23.2879 9.93026
threshold=0.0019831647482313132 1.1582121164382337 6.5000000000000009 -0.0013557088021292415 0.12924141927500579 0.70251862582741909 -0.00020283499999999998 5.5000000000000009 8.5000000000000018 0.0011003360807399383 0.51667046403887695 17.500000000000004 5.9570000000000007e-05 7.5100000000000023e-05 0.0031837477441888072 0.0073295617929820039 0.24242424242423627 -0.0056034904755113803 0.53679882720917971 11.500000000000002 -0.36692395674829364 -0.0015243585441538671 0.0057423465977790239 0.019901495597754455 0.64203933804654489 -0.00055645176203142084 0.0026372301673994376 0.001040730926675671 -4.6745385636438127e-05 0.23642857142857213
decision_type=2 2 2 2 2 2 2 2 2 2 2 2 2 2 2 2 2 2 2 2 2 2 2 2 2 2 2 2 2 2
left_child=-1 2 3 12 24 23 -4 11 -9 10 -10 -6 21 14 -14 16 19 -18 -19 29 -21 25 -20 -3 26 -2 -5 28 -28 -15
right_child=1 5 6 4 7 -7 -8 8 9 -11 -12 -13 13 15 -16 -17 17 18 22 20 -22 -23 -24 -25 -26 -27 27 -29 -30 -31
leaf_value=-0.040109241965754744 0.0080937803002862976 0.0022225616780494209 0.042595461528954007 0.0067166388843352687 -0.0072890544937410321 0.021803050060128677 -0.01662344017808233 -0.030678491681890626 0.043496794683339807 0.084753084436680698 -0.029388746521864857 -0.029810872418940038 0.11729464604673355 -0.047524457037023154 0.026799733583729474 0.088687346193643782 -0.028538421060125354 -0.014766737899699012 0.10306835602423908 0.017356901774601686 0.14625684481770204 0.070672628752179875 0.016369193093849311 0.074466948986355905 -0.034413481518821558 -0.02667502618434003 0.015127236676103432 -0.012768921083517841 0.13141746859572734 0.027590204727263257
leaf_weight=71.694785535335541 45.147294789552689 186.42224947363138 8.5072468742728216 76.374003231525421 200.44077210873365 202.5911637544632 203.96874021738768 19.683287911117077 12.956853300333025 11.818597763776777 12.959913119673727 90.866811826825142 9.4587463140487689 5.4486716836690929 15.350860700011252 6.7747586965560904 43.185438692569733 23.336781352758408 7.4564452469348899 8.6358138248324376 6.8083888068795195 5.8808481171727172 8.1510861515998823 5.2856181412935248 11.116475991904734 39.623398266732693 7.5694316402077719 13.53555406630039 9.9828479140996933 22.861061461269855
leaf_count=905 416 1742 79 739 2054 1644 2068 205 124 93 130 998 88 53 134 55 391 210 66 75 54 56 75 46 106 375 68 127 80 204
internal_value=-0.000140659 0.00202659 -0.00274327 0.000674856 -0.00471923 0.0132515 -0.0142524 -0.0102927 0.0101102 0.0313862 0.00704972 -0.0143142 0.010834 0.0188232 0.0613012 0.010879 0.00669156 -0.00821995 0.0143113 0.0346817 0.0741809 -0.00304383 0.0577894 0.00421443 0.0116717 -0.00815781 0.016439 0.0403242 0.0812672 0.0131332
internal_weight=1393.89 1322.2 927.9 715.424 467.305 394.299 212.476 348.726 57.4187 37.7354 25.9168 291.308 248.12 157.468 24.8096 132.658 125.884 82.1298 38.9443 43.7539 15.4442 90.6515 15.6075 191.708 118.578 84.7707 107.462 31.0878 17.5523 28.3097
internal_count=13460 12555 9123 6976 4724 3432 2147 3604 552 347 254 3052 2252 1405 222 1183 1128 742 351 386 129 847 141 1788 1120 791 1014 275 148 257
is_linear=0
shrinkage=0.05


Tree=10
num_leaves=31
num_cat=0
split_feature=18 1 52 37 48 6 32 52 38 38 48 43 19 52 43 14 15 42 17 49 48 53 36 48 19 6 43 11 11 14
split_gain=45.0329 25.4518 17.6828 19.2541 17.233 16.3504 15.0893 13.2447 12.7965 12.16 14.2665 19.8794 12.1828 10.8892 10.4543 10.4307 12.8664 16.7956 15.3223 15.3137 11.0207 10.6037 10.4281 10.1339 9.8181 9.71138 10.2515 9.4017 18.9588 9.24557
threshold=0.0019831647482313132 -0.0040989886786277152 0.0047817956150861081 0.074858233762493134 -0.00054969451870707326 4.5000000000000009 11.500000000000002 3.050401383863846 0.26484201310327188 0.23684603768836235 -0.00049069402531938522 -2.5834999999999999e-05 0.0014724534454013903 1.9008545772776526 3.7647500000000022e-05 0.91633333333331213 0.27388922702374169 3.7385000000000009e-05 1.0918325624185419 0.00087049368075199131 -0.00065920974488826664 -0.0011190419957196717 2.2766687125598457 -0.0005627979762205975 -0.0071293476903664058 17.500000000000004 5.8055000000000006e-05 -1.0319206816046347 -1.1017140433969759 0.64705882352942468
decision_type=2 2 2 2 2 2 2 2 2 2 2 2 2 2 2 2 2 2 2 2 2 2 2 2 2 2 2 2 2 2
left_child=-1 5 3 9 6 8 7 -4 13 12 11 -11 -3 -2 -6 16 20 23 19 24 -7 -20 -22 -18 -19 27 -27 28 -5 -13
right_child=1 2 4 25 14 15 -8 -9 -10 10 -12 29 -14 -15 -16 -17 17 18 21 -21 22 -23 -24 -25 -26 26 -28 -29 -30 -31
leaf_value=-0.039426889932654113 -0.038088117449763079 -0.019202308779355332 0.022363222355008969 -0.0069284933468129533 0.0054863144854016294 -0.015991152377493083 -0.032456644698808421 0.10065849845061764 0.037023365212814505 0.092915067386723699 -0.0035202503276125455 0.035444117431136013 0.034370541545138071 0.037346978455057897 -0.01821858158582022 0.075222546801782295 0.030550779867246428 0.06731765150228694 0.049686926397546301 0.086238839548566634 0.010934913946939016 0.13125711450315489 0.05231555148257782 -0.045482985619653721 -0.0016157855342991468 -0.027597618771873608 -0.0019285382696047886 -0.0079670734660999554 0.079155783172336139 -0.033380848156196824
leaf_weight=69.348726831376553 29.718779020011425 41.724449262022972 125.34684912860394 19.191976301372055 160.51188074797392 31.126318730413914 12.174544766545294 5.6447157040238372 10.448381587862967 13.881707981228827 25.285480074584484 21.000104196369652 14.231613636016844 5.7018483430147162 65.487991251051426 8.5810211002826673 9.02006993442774 6.7347778826951972 7.8469558134675017 9.9973484426736814 94.026154436171055 8.0934245586395246 18.166288360953331 8.5233299359679204 22.1674242541194 126.97101942449808 56.073930449783802 350.02857725322247 9.5928485766053182 6.3565875813364974
leaf_count=905 294 421 1138 193 1460 271 114 45 84 118 241 192 135 45 609 70 77 54 64 82 771 59 131 79 191 1359 583 3518 97 60
internal_value=-0.000150904 0.00190684 -0.00160414 -0.0063619 0.00721552 0.0155985 0.0207885 0.0257371 -0.0116015 0.011601 0.0260501 0.0441812 -0.00557683 -0.0259449 -0.00138265 0.0211613 0.0190106 0.0361938 0.0498163 0.0328978 0.0103322 0.0911026 0.0176353 -0.00638966 0.0144471 -0.0102777 -0.0197342 -0.00570821 0.02176 0.019452
internal_weight=1393.01 1323.66 1053.5 684.338 369.166 270.152 143.166 130.992 45.869 122.48 66.5239 41.2384 55.9561 35.4206 226 224.283 215.702 72.3833 54.8399 38.8996 143.319 15.9404 112.192 17.5434 28.9022 561.858 183.045 378.813 28.7848 27.3567
internal_count=13460 12555 10283 6917 3366 2272 1297 1183 423 1167 611 370 556 339 2069 1849 1779 606 450 327 1173 123 902 156 245 5750 1942 3808 290 252
is_linear=0
shrinkage=0.05


Tree=11
num_leaves=31
num_cat=0
split_feature=18 17 38 47 1 32 5 49 32 13 37 2 4 47 37 5 52 1 5 4 47 4 21 1 20 52 2 43 15 51
split_gain=41.9843 23.6742 15.8627 16.2919 16.0151 14.3407 14.5121 17.5576 14.2711 14.1065 13.3128 13.1572 12.362 11.9982 11.7703 17.6604 13.429 12.2561 17.3819 12.7028 13.2452 11.5884 10.5004 13.234 10.4367 9.64248 9.41501 9.11592 9.09745 8.7368
threshold=0.0019831647482313132 1.1582121164382337 0.28983032293377037 -0.00060499054583846364 -0.00011816140903388936 6.5000000000000009 0.007607628521541618 -0.001691032587534051 4.5000000000000009 0.18579796212700081 0.072780987865356972 -0.0020522740581427083 0.50857142857143145 -0.00054515591223664936 0.31589132547429066 0.0019969388785705589 0.0400256682926938 0.00080295524840195683 0.0041049321320253303 0.35285714285714526 -0.00061670337066679253 0.4814285714285706 -0.0020927381407417557 0.002631819108485485 -0.0065841258450994762 0.70251862582741909 0.013193831987242487 -0.00020283499999999998 0.023255813953491834 1.0000000180025095e-35
decision_type=2 2 2 2 2 2 2 2 2 2 2 2 2 2 2 2 2 2 2 2 2 2 2 2 2 2 2 2 2 2
left_child=-1 2 5 10 8 6 13 -8 9 11 -4 -5 -12 14 15 -2 28 18 19 20 -17 22 -19 -24 -21 26 -3 -7 -16 -25
right_child=1 25 3 4 -6 27 7 -9 -10 -11 12 -13 -14 -15 16 17 -18 21 -20 24 -22 -23 23 29 -26 -27 -28 -29 -30 -31
leaf_value=-0.038743217041507468 -0.016486386817896961 0.00097060613492131245 0.096074333493378933 0.026217842698266283 -0.01636831093280236 0.032954144545761559 0.091885442941892048 -0.0001028264616389695 -0.0069598473135607025 -0.022553034701065955 0.0037751874748429858 0.10391560700094001 0.090644338730604457 -0.0098935572259799751 0.034367942199997385 0.020916758317528986 0.017249426839537754 -0.029369494334079805 0.096833024801916467 0.05557813184604548 0.10083229206694214 -0.032487973995111052 -0.0068249689448567135 0.11373989817255795 -0.0094975958265891211 0.019423184158018171 0.045745797245578292 -0.020776965466034119 -0.020350889295658602 0.030708808622025286
leaf_weight=67.101275324821472 34.849356099963188 179.95859075337648 9.032836005091669 10.645581521093849 49.866043955087662 8.3000756278634054 8.9993640184402484 12.245834238827227 21.09552001953125 5.6681659743189803 17.3309869915247 11.161098577082157 5.362631916999816 316.64196068793535 8.2748072743415815 11.440896339714529 43.968106910586357 7.3453390970826176 10.61580305546522 8.2782375290989858 9.4819205328822118 14.504385240375994 8.9188592284917849 6.4056422784924489 24.091987796127796 207.7924565076828 12.559891998767851 161.28694973140955 92.599300138652325 6.2685914561152458
leaf_count=905 344 1677 74 91 501 76 80 116 206 50 168 104 46 3192 85 102 389 73 91 68 88 144 84 57 225 1644 111 1679 930 60
internal_value=-0.000158059 0.001796 -0.00260148 0.0135782 0.00353566 -0.00525214 -0.00175281 0.038863 0.0239706 0.0477194 0.0447369 0.0659851 0.0243029 -0.00318218 0.00422124 0.0144397 -0.00581091 0.0244792 0.0384082 0.0267702 0.0571333 0.00398823 0.0222707 0.0398371 0.00714462 0.0119538 0.00389174 -0.0181472 -0.0158622 0.0726733
internal_weight=1392.09 1324.99 924.68 130.163 98.4364 794.517 624.93 21.2452 48.5704 27.4748 31.7265 21.8067 22.6936 603.685 287.043 142.201 144.842 107.352 63.9088 53.293 20.9228 43.4428 28.9384 21.5931 32.3702 400.311 192.518 169.587 100.874 12.6742
internal_count=13460 12555 9123 1240 952 7883 6128 196 451 245 288 195 214 5932 2740 1336 1404 992 574 483 190 418 274 201 293 3432 1788 1755 1015 117
is_linear=0
shrinkage=0.05


Tree=12
num_leaves=31
num_cat=0
split_feature=5 1 6 7 5 6 38 6 6 50 50 12 38 47 18 32 5 37 18 38 38 19 18 37 37 47 47 37 17 21
split_gain=39.5178 20.6198 15.2897 23.7526 21.1561 15.7615 22.8632 19.0239 13.8358 13.638 18.6095 13.5453 13.6311 15.7942 20.6843 15.3909 13.5517 12.3215 14.5848 12.6745 12.0354 12.0155 11.3437 12.2958 11.1183 10.4767 11.7232 11.1385 10.3285 10.1993
threshold=0.0013697708756776896 -0.0040989886786277152 17.500000000000004 5.5000000000000009 0.0021115513142929664 11.500000000000002 0.16171066558825811 14.500000000000002 4.5000000000000009 0.0017548373379918574 -0.00080286570657285409 0.3718036899299545 0.26620216184633516 -0.00044747515440527206 0.0047959648802975109 6.5000000000000009 0.0020283948110815437 0.11764705882352954 0.0027019582643620383 0.21687841144362918 0.26484201310327188 -0.0027137452245277337 0.004679051090252284 0.62938278040486417 0.04067404046134946 -0.00061229468249579077 -0.00051534974203968048 0.028294862248691956 0.65703971119134519 -0.0067414126055630854
decision_type=2 2 2 2 2 2 2 2 2 2 2 2 2 2 2 2 2 2 2 2 2 2 2 2 2 2 2 2 2 2
left_child=-1 8 5 24 -5 17 9 11 20 10 -7 -8 15 14 16 21 -14 18 -3 -20 -2 -13 -6 -24 28 -21 -27 -28 -4 -19
right_child=1 2 3 4 22 6 7 -9 -10 -11 -12 12 13 -15 -16 -17 -18 29 19 25 -22 -23 23 -25 -26 26 27 -29 -30 -31
leaf_value=-0.028303771368710897 -0.025055990367001242 -0.017274540637679824 -0.036850937533564394 0.093937568987324305 -0.035132078222735327 0.028676210042585887 -0.038458145434125263 -0.0062807136871072871 0.019551991303280031 0.014540441310184605 0.14949657989736506 0.093038789010546477 0.071348619214867834 0.0012127232056796098 0.00035356397907417844 -0.021772533757098245 0.16668792023966592 -0.049475150604519166 -0.0068776682553112565 0.05281987616329327 0.036149669403262648 0.020944364475358825 0.085450945532441966 -0.0026450293726717846 -0.021992884454558364 -0.0061150110016081243 -0.015444972816809371 0.056619962198922236 0.049165872175041349 -0.0060505314689391701
leaf_weight=114.50151839852333 34.484122239053249 40.568536914885044 5.1490736305713645 8.5585573241114599 11.112637184560301 5.8302752822637558 8.382278844714163 113.81344468891621 227.81096925586462 9.0248395428061468 7.0300043821334857 6.5874898657202712 9.3055294901132637 9.3522251546382886 6.0201503559947005 19.813133902847767 6.217723347246646 14.090270057320593 37.918960928916931 28.19082273542881 10.470622174441813 47.108470842242241 6.2716543972492245 10.749686054885386 188.18313471972942 29.995790764689445 7.1469213068485287 21.467987537384033 10.830455981194971 335.21284281462431
leaf_count=1435 335 398 53 75 100 55 85 1106 1838 82 68 54 83 84 53 186 51 139 360 229 80 422 54 92 2015 264 65 194 105 3300
internal_value=-0.000164684 0.00235899 -0.000953169 -0.0119362 0.0251017 0.00251349 0.0128546 0.00814119 0.0145496 0.0616573 0.094722 0.0226943 0.027604 0.0554715 0.0790258 0.0158915 0.109536 -0.00248 0.00876735 0.0172381 -0.0108003 0.029789 0.00416136 0.0298147 -0.0185928 0.0277731 0.0157259 0.0386209 0.0214487 -0.0078022
internal_weight=1391.2 1276.7 1003.93 240.855 36.6925 763.078 248.486 226.6 272.766 21.8851 12.8603 112.787 104.405 30.8956 21.5434 73.5091 15.5233 514.592 165.289 124.72 44.9547 53.696 28.134 17.0213 204.163 86.8015 58.6107 28.6149 15.9795 349.303
internal_count=13460 12025 9772 2494 321 7278 2329 2124 2253 205 123 1018 933 271 187 662 134 4949 1510 1112 415 476 246 146 2173 752 523 259 158 3439
is_linear=0
shrinkage=0.05


Tree=13
num_leaves=31
num_cat=0
split_feature=18 17 32 4 37 38 4 1 5 18 15 21 38 5 19 13 6 11 12 5 56 38 48 5 20 52 5 48 42 45
split_gain=37.2858 20.1057 14.1285 14.4812 12.1698 22.1859 21.0387 14.7775 11.8796 11.1853 11.3388 15.6143 14.8135 11.154 10.9573 10.837 13.8479 13.4845 12.6776 11.7202 13.4174 10.3357 14.4966 13.1556 9.57334 9.36195 12.2303 11.0167 10.4492 13.4709
threshold=0.0019831647482313132 1.0666666666666538 6.5000000000000009 1.2067857142857148 0.13804909106533644 0.2886753970880806 0.2903571428571417 -0.00011253027824582537 0.0025624022020576437 0.0028265120814606913 0.41666666666663549 -0.001436796076385476 0.27984570877531362 0.0019714336743330645 -0.0012685000879198432 0.21458179414386036 3.5000000000000004 -0.51142632882364036 0.55832491799636519 0.0023394159778202029 0.18460388172131567 0.20555735114558552 -0.00050138359060752328 0.0022994038898060294 -0.00018294779594863974 0.70251862582741909 0.008054495039041697 -0.00045848582263465068 0.00015242000000000003 -0.00073276926864566884
decision_type=2 2 2 2 2 2 2 2 2 2 2 2 2 2 2 2 2 2 2 2 2 2 2 2 2 2 2 2 2 2
left_child=-1 2 3 4 5 13 7 -7 -8 -4 -11 -12 -13 -2 15 16 -6 -18 -19 -20 -21 -15 23 -23 -25 26 27 28 29 -3
right_child=1 25 9 -5 14 6 8 -9 -10 10 11 12 -14 21 -16 -17 17 18 19 20 -22 22 -24 24 -26 -27 -28 -29 -30 -31
leaf_value=-0.037591117722557077 -0.016727218405061587 -0.034955567877749685 -0.04103571536328994 0.053558763337599485 -0.024018128959755847 0.14777100774214255 -0.019074718969364569 0.039213515795019444 0.068268376231501643 -0.017830099342863708 -0.027688473279861982 0.015080992696904378 0.10239863577655149 -0.0086766374249317071 -0.010499418767012573 -0.018834611210682899 0.0022415915381809692 0.098832959986331542 -0.024710819219233408 0.021896521883559728 0.088193410552299956 0.1016661799754647 -0.0070916748353027125 -0.0028442099778139204 0.061156872765678189 0.016926681598406823 0.076396857061196519 -0.013097538224740735 0.057681263491580974 0.011147337182715862
leaf_weight=63.53159686177969 47.798257172107697 17.944720610976219 34.048516184091568 12.578966498374937 23.031001143157482 7.0007588118314743 10.393946699798109 5.6770177260041255 6.2242984324693671 112.01877535134554 15.723362661898134 21.763595513999466 6.2528007552027693 31.895753607153893 297.57161898910999 37.273676350712776 62.044949784874916 7.0275993123650542 8.9533087462186796 30.516603156924248 10.176711387932299 8.4584575667977351 18.853131577372551 11.781507253646854 11.591657802462574 233.21582991629839 5.5615762770175925 85.678036637604237 10.340393535792826 135.37902525067329
leaf_count=905 481 165 373 114 229 56 93 51 46 1163 162 227 58 300 3158 332 575 63 78 262 81 74 171 102 90 1833 47 826 87 1258
internal_value=-0.000172308 0.00161946 -0.00307625 0.000433775 -0.000616498 0.0113302 0.050648 0.0991597 0.0136393 -0.0150752 -0.00940024 0.0121889 0.0345689 0.00249549 -0.00461902 0.00515531 0.0114635 0.0183468 0.0359783 0.0270811 0.0384763 0.0136218 0.0276541 0.0482332 0.0288964 0.00968734 0.00306394 0.00142825 0.00903249 0.00575154
internal_weight=1390.31 1326.78 838.656 648.849 636.27 159.675 29.296 12.6778 16.6182 189.807 155.759 43.7398 28.0164 130.379 476.595 179.024 141.75 118.719 56.6742 49.6466 40.6933 82.5805 50.6848 31.8316 23.3732 488.12 254.904 249.342 163.664 153.324
internal_count=13460 12555 8339 6356 6242 1464 246 107 139 1983 1610 447 285 1218 4778 1620 1288 1059 484 421 343 737 437 266 192 4216 2383 2336 1510 1423
is_linear=0
shrinkage=0.05


Tree=14
num_leaves=31
num_cat=0
split_feature=18 17 38 47 50 15 54 4 19 13 6 6 21 5 5 47 46 38 14 46 50 12 21 3 2 48 52 15 20 19
split_gain=34.7337 18.1029 12.8932 13.0411 13.8612 14.5776 11.375 13.9439 10.8413 13.4976 11.4176 12.6308 11.3667 10.0662 9.96607 9.59233 9.38345 9.19488 18.353 9.26099 9.05179 16.9603 8.98221 11.1651 8.95439 10.5343 10.8604 8.88152 8.7824 10.106
threshold=0.0019831647482313132 1.1582121164382337 0.28983032293377037 -0.00060499054583846364 7.3068735542168459e-05 0.35294117647058915 -0.0028108155301011717 0.45321428571428674 -0.0050533768566427889 0.20028924127753248 3.5000000000000004 19.500000000000004 -0.0048384622986090879 0.0035367792394672337 0.0040089417013528814 -0.00064508006222042599 -0.00052427951749966627 0.12821497738272666 0.51724137931033565 -0.00059484989486790151 0.010510974608382788 2.1695980623184936 0.003756033999762274 0.0023439265823745996 -0.0063724629164571842 -0.00053705062030647921 2.4429863748514831 0.28125000000001049 -0.0027818002230940481 -0.0013557088021292415
decision_type=2 2 2 2 2 2 2 2 2 2 2 2 2 2 2 2 2 2 2 2 2 2 2 2 2 2 2 2 2 2
left_child=-1 2 8 6 5 28 -4 15 9 10 -2 13 -10 -12 -15 -8 -7 18 -14 22 24 -22 23 -19 25 -3 27 -27 -5 -30
right_child=1 20 3 4 -6 16 7 -9 12 -11 11 -13 17 14 -16 -17 -18 19 -20 -21 21 -23 -24 -25 -26 26 -28 -29 29 -31
leaf_value=-0.036902325390053302 -0.027844921570084471 0.0067139019764351528 -0.01684700087988332 -0.040975060189259518 -0.016830254111840217 0.012187097278260549 -0.0011407971378690686 0.1230164704142943 -0.030538501080127501 -0.013639052537697705 0.0080052819665771668 -0.017693836537598429 -0.012556673160958702 0.1252718918093923 0.051666086942196522 0.067592597358700213 0.089297677690660771 -0.014425891939208117 0.11593773023938569 -0.0098979081783685703 0.092516114710332151 -0.0056101650457156026 -0.03005204525965981 0.013019028410306511 0.0040914024078592733 0.013143246925780172 0.08081263452017394 0.075844559948300236 0.065438084570766483 -0.0024646133515922861
leaf_weight=61.532677941024303 7.0240602344274512 57.649188198149204 7.1218705773353568 8.7191959396004659 46.678136691451073 6.4504944756627109 9.6580764055252093 5.7740162685513488 46.601822532713413 27.938196077942848 8.0956867858767527 7.250924125313758 6.8957640379667264 6.4888880252838161 15.787594117224215 10.699524387717249 10.158226646482943 49.826973728835583 4.6547848135232925 443.03620282560587 9.1555711627006549 8.4841983914375287 18.978371508419514 144.60142609477043 284.89318788051605 29.630388885736465 11.490814350545405 6.977729268372058 7.6401560679078129 19.376059308648109
leaf_count=905 72 456 58 75 473 59 87 49 480 237 63 59 74 50 128 94 90 505 50 4590 65 68 194 1381 2487 231 73 52 62 193
internal_value=-0.000177871 0.00152409 -0.00236638 0.0120775 0.0029796 0.0206451 0.0391691 0.0544356 -0.00479348 0.0136176 0.0306735 0.0415987 -0.00666359 0.0557539 0.0731066 0.034984 0.0593495 -0.00499799 0.0392256 -0.00577613 0.0102855 0.0453203 0.00278076 0.0059856 0.00870345 0.0211287 0.0384055 0.0250945 0.00265656 0.0167382
internal_weight=1389.27 1327.74 919.456 132.276 99.0223 52.3441 33.2535 26.1316 787.181 72.5853 44.6472 37.6231 714.595 30.3722 22.2765 20.3576 16.6087 667.994 11.5505 656.443 408.281 17.6398 213.407 194.428 390.641 105.748 48.0989 36.6081 35.7354 27.0162
internal_count=13460 12555 9123 1240 952 479 288 230 7883 609 372 300 7274 241 178 181 149 6794 124 6670 3432 133 2080 1886 3299 812 356 283 330 255
is_linear=0
shrinkage=0.05


end of trees

feature_importances:
range_compression=30
volatility_lookback=29
hour_of_day=28
atr_percentile=28
futures_pressure=25
btc_volume_block=24
stop_distance=23
trend_strength=17
dist_ema_fast=16
dist_ema_slow=16
log_return_3=15
log_return_6=15
atr_proxy=13
atr_normalized_range=13
funding_rate_mean_4=12
fvg_age_candles=11
day_of_week=10
funding_rate_abs=10
mark_premium_mean_4=10
body_ratio=9
upper_wick_ratio=9
relative_volume=8
volume_percentile=8
mark_basis=8
btc_return_3=8
range_1=7
volume_zscore=7
eth_return_1=7
eth_return_3=6
ema_slow_slope=4
session_newyork=3
funding_rate=3
btc_return_1=3
eth_volume_block=3
log_return_1=2
session_asia=2
mark_premium=2
lower_wick_ratio=1
fvg_size_atr=1
breakout_volume_confirmation=1
volume_block_strength=1
btc_trend=1
eth_trend=1

parameters:
[boosting: gbdt]
[objective: binary]
[metric: binary_logloss]
[tree_learner: serial]
[device_type: cpu]
[data_sample_strategy: bagging]
[data: ]
[valid: ]
[num_iterations: 500]
[learning_rate: 0.05]
[num_leaves: 31]
[num_threads: 2]
[seed: 42]
[deterministic: 0]
[force_col_wise: 0]
[force_row_wise: 0]
[histogram_pool_size: -1]
[max_depth: -1]
[min_data_in_leaf: 50]
[min_sum_hessian_in_leaf: 0.001]
[bagging_fraction: 0.9]
[pos_bagging_fraction: 1]
[neg_bagging_fraction: 1]
[bagging_freq: 0]
[bagging_seed: 400]
[bagging_by_query: 0]
[feature_fraction: 0.9]
[feature_fraction_bynode: 1]
[feature_fraction_seed: 30056]
[extra_trees: 0]
[extra_seed: 12879]
[early_stopping_round: 0]
[early_stopping_min_delta: 0]
[first_metric_only: 0]
[max_delta_step: 0]
[lambda_l1: 0]
[lambda_l2: 0]
[linear_lambda: 0]
[min_gain_to_split: 0]
[drop_rate: 0.1]
[max_drop: 50]
[skip_drop: 0.5]
[xgboost_dart_mode: 0]
[uniform_drop: 0]
[drop_seed: 17869]
[top_rate: 0.2]
[other_rate: 0.1]
[min_data_per_group: 100]
[max_cat_threshold: 32]
[cat_l2: 10]
[cat_smooth: 10]
[max_cat_to_onehot: 4]
[top_k: 20]
[monotone_constraints: ]
[monotone_constraints_method: basic]
[monotone_penalty: 0]
[feature_contri: ]
[forcedsplits_filename: ]
[refit_decay_rate: 0.9]
[cegb_tradeoff: 1]
[cegb_penalty_split: 0]
[cegb_penalty_feature_lazy: ]
[cegb_penalty_feature_coupled: ]
[path_smooth: 0]
[interaction_constraints: ]
[verbosity: 1]
[saved_feature_importance_type: 0]
[use_quantized_grad: 0]
[num_grad_quant_bins: 4]
[quant_train_renew_leaf: 0]
[stochastic_rounding: 1]
[linear_tree: 0]
[max_bin: 255]
[max_bin_by_feature: ]
[min_data_in_bin: 3]
[bin_construct_sample_cnt: 200000]
[data_random_seed: 175]
[is_enable_sparse: 1]
[enable_bundle: 1]
[use_missing: 1]
[zero_as_missing: 0]
[feature_pre_filter: 1]
[pre_partition: 0]
[two_round: 0]
[header: 0]
[label_column: ]
[weight_column: ]
[group_column: ]
[ignore_column: ]
[categorical_feature: ]
[forcedbins_filename: ]
[precise_float_parser: 0]
[parser_config_file: ]
[objective_seed: 16083]
[num_class: 1]
[is_unbalance: 0]
[scale_pos_weight: 1]
[sigmoid: 1]
[boost_from_average: 1]
[reg_sqrt: 0]
[alpha: 0.9]
[fair_c: 1]
[poisson_max_delta_step: 0.7]
[tweedie_variance_power: 1.5]
[lambdarank_truncation_level: 30]
[lambdarank_norm: 1]
[label_gain: ]
[lambdarank_position_bias_regularization: 0]
[eval_at: ]
[multi_error_top_k: 1]
[auc_mu_weights: ]
[num_machines: 1]
[local_listen_port: 12400]
[time_out: 120]
[machine_list_filename: ]
[machines: ]
[gpu_platform_id: -1]
[gpu_device_id: -1]
[gpu_device_id_list: ]
[gpu_use_dp: 0]
[num_gpu: 1]

end of parameters

pandas_categorical:[]
